62 874 3896274 42533889 46430163 read_min_for.cond
58 876 10750685 409269149 420019834 read_min_for.cond.141
50 904 980354 0 980354 read_min_for.cond.198
102 910 3650747 0 3650747 primal_start_artificial_for.cond
98 912 1608817 0 1608817 primal_start_artificial_for.cond.4
2 916 355 923850980265 923850980620 global_opt_while.cond
146 918 816559905 548008108445 548824668350 primal_net_simplex
158 922 25254 0 25254 primal_bea_mpp_for.cond
134 932 24832275073 0 24832275073 primal_iminus
130 936 12087086321 0 12087086321 update_tree_RECURSION
126 938 1026945617 0 1026945617 update_tree_while.cond
122 940 4179467903 0 4179467903 update_tree_for.cond.110
118 942 4304143428 0 4304143428 update_tree_for.cond.119
14 944 105700448349 0 105700448349 refresh_potential
162 946 19664869753 0 19664869753 primal_bea_mpp_for.cond.2
114 948 239820 0 239820 update_tree_for.cond
110 950 239820 0 239820 update_tree_for.cond.89
42 954 10557828 0 10557828 primal_feasible_for.cond
46 958 4927325776 0 4927325776 dual_feasible_for.cond
26 962 2464102882 0 2464102882 flow_cost_for.cond
22 964 3619860 0 3619860 flow_cost_for.cond.4
18 966 3426023549 0 3426023549 flow_cost_for.cond.14
90 994 155 0 155 price_out_impl_for.cond
86 996 56231929476 306134143214 362366072690 price_out_impl_for.cond.16
70 1000 20103849069 0 20103849069 insert_new_arc_while.cond
74 1004 276211684291 0 276211684291 replace_weaker_arc_while.cond
82 1006 2839100862 0 2839100862 price_out_impl_for.cond.87
94 1010 3899907104 2691076 3902598180 suspend_impl_for.cond
10 1018 2765225 0 2765225 refresh_neighbour_lists_for.cond
6 1020 541785577 0 541785577 refresh_neighbour_lists_for.cond.1
106 1024 283423947 22484273 305908220 write_circulations_for.cond
