2014 2048 9804361600 0 9804361600 SetupLargerBlocks_for.cond.98
2010 2050 9804361600 0 9804361600 SetupLargerBlocks_for.cond.114
1970 2070 9804361600 0 9804361600 SetupLargerBlocks_for.cond.290
2006 2052 9804361600 0 9804361600 SetupLargerBlocks_for.cond.138
1962 2074 9804361600 0 9804361600 SetupLargerBlocks_for.cond.322
1954 2078 9804361600 0 9804361600 SetupLargerBlocks_for.cond.362
2002 2054 9804361600 0 9804361600 SetupLargerBlocks_for.cond.154
1998 2056 9804361600 0 9804361600 SetupLargerBlocks_for.cond.170
1994 2058 9804361600 0 9804361600 SetupLargerBlocks_for.cond.186
1290 2112 12741468639 135914951108 148656419747 LumaResidualCoding8x8_for.cond
1990 2060 9804361600 0 9804361600 SetupLargerBlocks_for.cond.202
1986 2062 9804361600 0 9804361600 SetupLargerBlocks_for.cond.218
1982 2064 9804361600 0 9804361600 SetupLargerBlocks_for.cond.234
1978 2066 9804361600 0 9804361600 SetupLargerBlocks_for.cond.250
1974 2068 9804361600 0 9804361600 SetupLargerBlocks_for.cond.274
1966 2072 9804361600 0 9804361600 SetupLargerBlocks_for.cond.306
1958 2076 9804361600 0 9804361600 SetupLargerBlocks_for.cond.346
1950 2080 9804361600 0 9804361600 SetupLargerBlocks_for.cond.386
1946 2082 9804361600 0 9804361600 SetupLargerBlocks_for.cond.402
1942 2084 9804361600 0 9804361600 SetupLargerBlocks_for.cond.426
6 2270 168 0 168 arienco_done_encoding_while.cond.94
350 2274 1819068 9731331 11550399 unary_bin_encode_while.cond
2078 2086 1016929423851 0 1016929423851 FastFullPelBlockMotionSearch_for.cond
18 2284 630 0 630 arienco_done_encoding_while.cond
1906 2298 628013 12164346 12792359 free_mem3Dshort_for.cond
2118 2090 164208840932 311340045869 475548886801 SubPelBlockMotionSearch_for.cond
1886 2304 33215 639539 672754 free_mem3Dint64_for.cond
1846 2316 7052 99066 106118 free_mem3Dpel_for.cond
1790 2318 36139 0 36139 remove_frame_from_dpb_for.cond
2082 2096 302671950788 0 302671950788 SATD_for.cond
1890 2340 134 4396 4530 free_mem4Dint_for.cond
2114 2098 162649640035 316282034651 478931674686 SubPelBlockMotionSearch_for.cond.428
1930 2352 96 890 986 ClearFastFullIntegerSearch_for.cond.37
1130 2360 384 2094 2478 free_mem_DCcoeff
2158 2100 4109184640 0 4109184640 BlockMotionSearch_for.cond.1342
1126 2362 7116 163691 170807 free_mem_ACcoeff
1090 2374 2240 0 2240 calc_buffer_for.cond
2862 2104 141980160 0 141980160 SetRefAndMotionVectors_for.cond.122
1086 2386 455 0 455 calc_buffer_for.cond.25
1078 2388 597 0 597 Sort
1082 2390 66629 0 66629 calc_buffer_for.cond.57
1074 2404 305 21224 21529 write_buffer_for.cond
1154 2408 64 0 64 report_for.cond
1150 2410 1799 0 1799 report_for.cond.9
1146 2420 217 1462 1679 report_for.cond.163
1498 2436 178 1368 1546 free_dpb_for.cond
1494 2440 154 731 885 free_dpb_for.cond.7
3054 2468 66 470 536 CloseSEIMessages_for.cond
1246 2118 4495123940 0 4495123940 LumaPrediction4x4_for.cond.234
1122 2470 90876 294222 385098 free_mem_mv
450 2472 444 2840 3284 free_context_memory
1282 2120 9043325880 0 9043325880 LumaResidualCoding8x8_for.cond.457
2590 2122 5571709440 0 5571709440 RDCost_for_8x8blocks_for.cond.440
1398 2128 2255339018 7468608528 9723947546 writeMotionVector8x8_for.cond
2190 2134 2518605 0 2518605 FindSkipModeMotionVector_for.cond
2626 2136 89535192 0 89535192 SetModesAndRefframeForBlocks_for.cond
1326 2140 113058300 84696672115 84809730415 LumaResidualCoding_for.cond
1322 2142 5444820992 0 5444820992 LumaResidualCoding_for.cond.10
1334 2146 26900847120 0 26900847120 OneComponentChromaPrediction4x4_for.cond
1310 2148 1427104140 0 1427104140 ChromaPrediction4x4_for.cond.216
2630 2152 166123080 0 166123080 SetModesAndRefframeForBlocks_for.cond.32
2614 2154 780964296 0 780964296 SetModesAndRefframeForBlocks_for.cond.477
1414 2156 73681069 533865204 607546273 writeMotionInfo2NAL_for.cond
1410 2160 65902354 15285564 81187918 writeMotionInfo2NAL_for.cond.82
1406 2162 80316157 1921255416 2001571573 writeMotionInfo2NAL_for.cond.151
2634 2164 43097852 0 43097852 SetModesAndRefframeForBlocks_for.cond.51
2718 2168 8615514880 0 8615514880 SetCoeffAndReconstruction8x8_for.cond.393
2710 2170 694825776 0 694825776 SetCoeffAndReconstruction8x8_for.cond.458
2706 2172 1721994240 0 1721994240 SetCoeffAndReconstruction8x8_for.cond.539
1386 2174 28065964 101433086 129499050 writeMBLayer_for.cond.371
402 762 5241 0 5241 InitEncoderParams
1374 2178 30635278 0 30635278 ZeroRef_for.cond
1394 2180 34366972 0 34366972 write_one_macroblock_for.cond
2714 2184 25670864 0 25670864 SetCoeffAndReconstruction8x8_for.cond.498
354 2186 140822967 283986874 424809841 unary_exp_golomb_mv_encode_while.cond
3030 2188 16793448144 0 16793448144 UMVLine16Y_11_for.cond.41
3026 2190 23079138192 0 23079138192 UMVLine16Y_11_for.cond.58
2194 2192 16707258 0 16707258 FindSkipModeMotionVector_for.cond.162
1190 2194 326280 0 326280 proceed2nextMacroblock_for.cond
410 904 471321 0 471321 ParseContent_while.cond.outer
406 906 6785 456041 462826 ParseContent_for.cond
434 910 158981 192860 351841 ParameterNameToMapIndex_while.cond
714 2200 9605 3715697735003 3715697744608 encode_enhancement_layer_for.cond.155
978 2202 7225 0 7225 init_frame_for.cond.78
1530 2204 27150 0 27150 init_lists_for.cond.269
1526 2206 22832 0 22832 init_lists_for.cond.314
1522 2208 7281 0 7281 init_lists_for.cond.364
1518 2210 2465 0 2465 init_lists_for.cond.377
394 976 13 0 13 Configure_while.cond.outer
430 980 8947 0 8947 TestEncoderParams
398 982 264 0 264 CeilLog2
1514 2212 1275 0 1275 init_lists_for.cond.389
1510 2214 9740 0 9740 init_lists_for.cond.596
2270 1020 27 0 27 GenerateSequenceParameterSet_for.cond
1734 2218 113352005 0 113352005 compute_colocated_for.cond
1898 1026 895315 105016838 105912153 get_mem3Dshort_for.cond
1894 1030 78029682 0 78029682 get_mem2Dshort_for.cond
1726 2220 21959835 0 21959835 compute_colocated_for.cond.1540
1870 1034 46225 25936514 25982739 get_mem3Dint64_for.cond
1858 1038 5763524 0 5763524 get_mem2Dint64_for.cond
1902 1042 9976 104047746 104057722 get_mem4Dshort_for.cond
1722 2222 278505133 2794104 281299237 compute_colocated_for.cond.1839
1850 1046 921576 0 921576 get_mem2D_for.cond
2266 1048 105 0 105 GenerateSequenceParameterSet_for.cond.88
2290 1052 105 0 105 GeneratePictureParameterSet_for.cond.37
1110 1058 113998 744062 858060 get_mem_mv_for.cond
1114 1062 9220 76320 85540 get_mem_ACcoeff_for.cond
1118 1066 496 4428 4924 get_mem_DCcoeff_for.cond
1106 1068 6671 0 6671 init_img_for.cond
2214 2226 137573112 0 137573112 Get_Direct_Motion_Vectors_for.cond
1854 1072 67496 0 67496 get_mem2Dint_for.cond
1866 1076 13255 394517 407772 get_mem3Dint_for.cond
1098 1078 12 0 12 CAVLC_init
1102 1080 290447 0 290447 init_img_for.cond.253
1058 1086 7048 0 7048 RandomIntraInit_for.cond
1054 1088 58186 126350 184536 RandomIntraInit_for.cond.13
2186 2230 413984000 0 413984000 BIDPartitionCost_for.cond
3050 1094 76 14946 15022 InitSEIMessages_for.cond
2182 2232 6099654400 21325953046 27425607446 BIDPartitionCost_for.cond.171
1242 2234 6844412408 0 6844412408 LumaPrediction4x4_for.cond.206
2858 2236 469918152 0 469918152 SetRefAndMotionVectors_for.cond.215
1490 1136 262 3144 3406 init_dpb_for.cond
1486 1140 160 1542 1702 init_dpb_for.cond.27
1250 2238 2290396580 0 2290396580 LumaPrediction4x4_for.cond.256
1482 1142 3086 0 3086 init_dpb_for.cond.43
1838 1152 4898044 0 4898044 get_mem2Dpel_for.cond
2618 2240 1016078625 0 1016078625 SetModesAndRefframeForBlocks_for.cond.127
1842 1156 9460 4569102 4578562 get_mem3Dpel_for.cond
446 1160 577 5640 6217 create_context_memory_for.cond
442 1162 437 0 437 create_context_memory_for.cond.43
438 1164 3022 44999 48021 create_context_memory_for.cond.70
2602 2242 2353307075 0 2353307075 SetModesAndRefframeForBlocks_for.cond.604
2774 2244 63951800 0 63951800 RDCost_for_macroblocks_for.cond
1306 2246 1014223724 0 1014223724 ChromaPrediction4x4_for.cond.188
2610 2248 2824518922 0 2824518922 SetModesAndRefframeForBlocks_for.cond.235
1874 1202 184 12888 13072 get_mem4Dint_for.cond
2070 1204 9406 0 9406 Init_Motion_Search_Module_for.cond
2066 1206 496 0 496 Init_Motion_Search_Module_for.cond.104
2062 1208 5625 0 5625 Init_Motion_Search_Module_for.cond.126
2058 1210 18113 0 18113 Init_Motion_Search_Module_for.cond.141
1926 1214 43443 255920 299363 InitializeFastFullIntegerSearch_for.cond
1922 1216 176 1880 2056 InitializeFastFullIntegerSearch_for.cond.95
1914 1218 233 0 233 InitializeFastFullIntegerSearch_for.cond.160
1402 2254 48506628 835894646 884401274 writeMotionInfo2NAL_for.cond.223
3330 1240 256775 0 256775 writeUVLC2buffer
3310 1248 58552 58159 116711 ue_linfo
1314 2256 641282120 0 641282120 ChromaPrediction4x4_for.cond.238
2826 2258 139348152 0 139348152 set_stored_macroblock_parameters_for.cond.664
2230 1270 2631530 0 2631530 RBSPtoEBSP_for.cond
2226 1272 6841425 0 6841425 RBSPtoEBSP_for.cond.3
2222 1274 6581 0 6581 RBSPtoEBSP_while.cond
790 1280 34 13462 13496 start_sequence_for.cond
3314 1290 20249 32817 53066 se_linfo
1094 1298 13422 6264146937033 6264146950455 main_for.cond
982 1308 3068253 0 3068253 init_frame_for.cond
974 1332 1388692368 546324480 1935016848 buf2img_for.cond.78
998 1336 932292 0 932292 PaddAutoCropBorders_for.cond
994 1338 1710 0 1710 PaddAutoCropBorders_for.cond.13
990 1340 467172 0 467172 PaddAutoCropBorders_for.cond.35
986 1342 1710 0 1710 PaddAutoCropBorders_for.cond.69
1066 1352 2907 0 2907 RandomIntraNewPicture
794 1354 18126 1988071 2006197 FmoInit
818 1360 1862190 0 1862190 FmoGenerateMBAmap_for.cond
798 1364 18126 23041224 23059350 FmoStartPicture_for.cond
802 1368 10753677 12260016 23013693 FmoGetFirstMBOfSliceGroup_while.cond
10 2276 159 0 159 arienco_done_encoding_while.cond.66
2342 1374 4611186 0 4611186 CalculateQuantParam_for.cond.34
2394 1378 4189282 0 4189282 CalculateOffsetParam_for.cond.104
898 1380 11799 6171625165505 6171625177304 code_a_picture_while.cond
1778 2278 5136 0 5136 sliding_window_memory_management_for.cond
3166 1392 8721 12347845 12356566 malloc_slice_for.cond
3158 1394 7011 0 7011 init_slice_for.cond
1574 1398 63405 0 63405 init_lists_for.cond
1586 1404 329004 0 329004 init_mbaff_lists_for.cond
1582 1406 33384 0 33384 init_mbaff_lists_for.cond.11
1578 1408 5278 0 5278 init_mbaff_lists_for.cond.40
3178 1412 38256 0 38256 set_ref_pic_num_for.cond
3174 1414 5873 0 5873 set_ref_pic_num_for.cond.29
3110 1422 14363 602022 616385 start_slice_for.cond
518 1440 251268 237006 488274 init_contexts_for.cond
1786 2288 61250 0 61250 get_smallest_poc_for.cond
514 1444 141921 129276 271197 init_contexts_for.cond.31
510 1446 156911 143640 300551 init_contexts_for.cond.73
506 1448 96951 86184 183135 init_contexts_for.cond.115
502 1450 25705 28728 54433 init_contexts_for.cond.157
498 1452 25705 28728 54433 init_contexts_for.cond.187
494 1454 19749 21546 41295 init_contexts_for.cond.217
490 1456 13451 14364 27815 init_contexts_for.cond.247
486 1458 25705 28728 54433 init_contexts_for.cond.277
482 1460 99516 86184 185700 init_contexts_for.cond.307
478 1462 327331 287280 614611 init_contexts_for.cond.349
474 1464 1151781 1077300 2229081 init_contexts_for.cond.391
470 1466 1151781 1077300 2229081 init_contexts_for.cond.433
466 1468 402281 359100 761381 init_contexts_for.cond.475
462 1470 402281 359100 761381 init_contexts_for.cond.517
458 1472 1151781 1077300 2229081 init_contexts_for.cond.559
454 1474 1151781 1077300 2229081 init_contexts_for.cond.601
3118 1476 4711221 6171167204680 6171171915901 encode_one_slice_while.cond.outer.outer
1210 1498 244926720 0 244926720 start_macroblock_for.cond.360
1206 1500 159782400 0 159782400 start_macroblock_for.cond.398
1202 1502 238032000 0 238032000 start_macroblock_for.cond.439
1198 1504 20246400 0 20246400 start_macroblock_for.cond.475
1194 1506 20246400 0 20246400 start_macroblock_for.cond.484
1938 1508 24405120 0 24405120 ResetFastFullIntegerSearch
1062 1514 1422720 0 1422720 RandomIntra_for.cond
2966 1516 17749120 0 17749120 encode_one_macroblock_for.cond
2954 1524 18933120 0 18933120 encode_one_macroblock_for.cond.514
2950 1526 13700002665 6151021486429 6164721489094 encode_one_macroblock_for.cond.523
1370 1530 23310720 177329907 200640627 IntraChromaPrediction_for.cond
1358 1532 3448636002 0 3448636002 IntraChromaPrediction_for.cond.90
2642 1536 51257934 0 51257934 SetModesAndRefframeForBlocks_for.cond.87
2622 1538 511890237 0 511890237 SetModesAndRefframeForBlocks_for.cond.203
2606 1540 3850504468 0 3850504468 SetModesAndRefframeForBlocks_for.cond.547
90 1548 147891744 1113954534 1261846278 intrapred_luma_16x16_for.cond
82 1550 412084692 0 412084692 intrapred_luma_16x16_for.cond.41
78 1552 317802474 0 317802474 intrapred_luma_16x16_for.cond.97
74 1554 4514899662 0 4514899662 intrapred_luma_16x16_for.cond.137
1478 1558 147891744 1113954534 1261846278 find_sad_16x16_for.cond
1470 1560 80308932762 2528064000 82836996762 find_sad_16x16_for.cond.41
138 1564 8389075149 0 8389075149 dct_luma_16x16_for.cond
134 1566 10870463331 0 10870463331 dct_luma_16x16_for.cond.64
130 1568 170579682 0 170579682 dct_luma_16x16_for.cond.271
126 1570 209653353 0 209653353 dct_luma_16x16_for.cond.295
122 1572 234862173 0 234862173 dct_luma_16x16_for.cond.361
1910 2310 7568 12751393 12758961 free_mem4Dshort_for.cond
118 1574 795588749 131262672 926851421 dct_luma_16x16_for.cond.430
114 1578 307547604 0 307547604 dct_luma_16x16_for.cond.525
110 1580 463842288 0 463842288 dct_luma_16x16_for.cond.592
106 1582 30369660464 1824395820 32194056284 dct_luma_16x16_for.cond.724
102 1584 4730855220 0 4730855220 dct_luma_16x16_for.cond.1067
94 1586 15272754041 0 15272754041 dct_luma_16x16_for.cond.1156
2750 1588 2901115035 0 2901115035 RDCost_for_macroblocks_for.cond.175
1346 1592 9593026028 139499639048 149092665076 ChromaResidualCoding_for.cond
1338 1598 4221637056 0 4221637056 IntraChromaPrediction4x4
230 1602 16100690892 0 16100690892 dct_chroma_for.cond
186 1604 1272993072 93083832 1366076904 dct_chroma_for.cond.304
182 1606 566169232 0 566169232 dct_chroma_for.cond.424
178 1608 27518509822 1014056832 28532566654 dct_chroma_for.cond.1683
174 1610 6742677957 0 6742677957 dct_chroma_for.cond.1966
170 1612 40556571352 0 40556571352 dct_chroma_for.cond.2072
166 1614 7401013796 0 7401013796 dct_chroma_for.cond.2485
2746 1618 15293056914 0 15293056914 RDCost_for_macroblocks_for.cond.301
2738 1620 6718650336 0 6718650336 RDCost_for_macroblocks_for.cond.343
3002 1624 9537923059 5300002912 14837925971 store_coding_state_for.cond
22 1638 34126109732 0 34126109732 biari_encode_symbol_while.cond
42 1640 18752766 0 18752766 biari_encode_symbol_final
1382 1644 564214592 0 564214592 writeIntra4x4Modes_for.cond
1378 1646 486775512 1542332877 2029108389 writeIntra4x4Modes_for.cond.48
1466 1658 753087515 0 753087515 writeCBPandLumaCoeff_for.cond
1458 1660 114605199 1796934163 1911539362 writeCBPandLumaCoeff_for.cond.180
378 1664 532610335 0 532610335 writeRunLevel_CABAC_for.cond
382 1666 51208982881 0 51208982881 writeRunLevel_CABAC_for.cond.10
366 1674 3339597900 10219976064 13559573964 write_significance_map_for.cond
370 1676 8754826336 9816149161 18570975497 write_significant_coefficients
38 1682 30837251 0 30837251 biari_encode_symbol_eq_prob_while.cond.72
34 1684 346463167 0 346463167 biari_encode_symbol_eq_prob_while.cond.83
374 1686 402378694 1523265744 1925644438 unary_exp_golomb_level_encode_while.cond
390 1690 29275367 42603191 71878558 exp_golomb_encode_eq_prob_while.body
386 1692 40893461 104799978 145693439 exp_golomb_encode_eq_prob_while.cond.2
1454 1694 326557671 3288759106 3615316777 writeCBPandLumaCoeff_for.cond.223
26 1698 151223790 0 151223790 biari_encode_symbol_eq_prob_while.cond.18
1422 1702 288361178 2832342799 3120703977 writeChromaCoeff_for.cond
3010 1708 9658934952 5090546086 14749481038 reset_coding_state_for.cond
2802 1712 16260585 0 16260585 store_macroblock_parameters_for.cond
2798 1714 116884911 0 116884911 store_macroblock_parameters_for.cond.15
2794 1716 133336797 0 133336797 store_macroblock_parameters_for.cond.43
2790 1718 1369715160 0 1369715160 store_macroblock_parameters_for.cond.74
2786 1720 615415317 0 615415317 store_macroblock_parameters_for.cond.101
2778 1722 137546217 0 137546217 store_macroblock_parameters_for.cond.193
2638 1724 51257934 0 51257934 SetModesAndRefframeForBlocks_for.cond.73
2582 1726 53778816 1433594854000 1433648632816 Mode_Decision_for_Intra4x4Macroblock
2578 1728 215115264 1433379738736 1433594854000 Mode_Decision_for_8x8IntraBlocks
62 1734 658790496 4846068864 5504859360 intrapred_luma_for.cond
54 1736 900795168 0 900795168 intrapred_luma_for.cond.223
50 1738 2507437296 0 2507437296 intrapred_luma_for.cond.287
46 1740 1539418608 0 1539418608 intrapred_luma_for.cond.308
2574 1742 92749512825 1303805300453 1396554813278 Mode_Decision_for_4x4IntraBlocks_for.cond
162 1748 40868529586 0 40868529586 dct_luma_for.cond
158 1750 44409485218 0 44409485218 dct_luma_for.cond.96
154 1752 163439586984 7653579600 171093166584 dct_luma_for.cond.170
150 1754 57171679475 0 57171679475 dct_luma_for.cond.355
146 1756 199252419304 0 199252419304 dct_luma_for.cond.427
142 1758 52450405299 0 52450405299 dct_luma_for.cond.728
2518 1760 39912873336 0 39912873336 RDCost_for_4x4IntraBlocks_for.cond
1442 1764 13618404595 142345296053 155963700648 writeLumaCoeff4x4_CABAC
2542 1766 6574460256 0 6574460256 Mode_Decision_for_4x4IntraBlocks_for.cond.1683
2530 1768 5660220384 0 5660220384 Mode_Decision_for_4x4IntraBlocks_for.cond.1770
30 1770 15140643 0 15140643 biari_encode_symbol_eq_prob_while.cond
2754 1772 6379370760 0 6379370760 RDCost_for_macroblocks_for.cond.201
362 1776 108216459 1209183299 1317399758 writeCBP_CABAC_for.cond
1882 2344 9301 131840 141141 free_mem3Dint_for.cond
1462 1780 103090959 6669159148 6772250107 writeCBPandLumaCoeff_for.cond.158
1450 1784 72223902 7179435013 7251658915 writeLumaCoeff8x8_for.cond
2850 1788 839733120 0 839733120 set_stored_macroblock_parameters_for.cond
2846 1790 352177920 0 352177920 set_stored_macroblock_parameters_for.cond.39
2834 1792 10615680 0 10615680 set_stored_macroblock_parameters_for.cond.196
2830 1794 381973288 0 381973288 set_stored_macroblock_parameters_for.cond.272
2822 1796 3041984 0 3041984 set_stored_macroblock_parameters_for.cond.1074
2734 1800 250609572 0 250609572 SetMotionVectorsMB_for.cond
814 1808 1262937600 1120665600 2383603200 FmoGetLastCodedMBOfSliceGroup
1934 2350 34976 187712 222688 ClearFastFullIntegerSearch_for.cond
2818 1820 55506752 0 55506752 set_stored_macroblock_parameters_for.cond.1042
1418 1822 383646193 3578710537 3962356730 writeChromaCoeff_for.cond.65
358 1824 7426908 35593024 43019932 unary_bin_max_encode_while.cond
70 1826 281207448 0 281207448 intrapred_luma_16x16_for.cond.183
66 1828 11548234868 0 11548234868 intrapred_luma_16x16_for.cond.289
3114 1832 10944 9523214 9534158 terminate_slice_for.cond
14 1836 10455 0 10455 arienco_done_encoding_while.cond.8
2 1838 12241 0 12241 arienco_done_encoding_while.cond.109
1174 1846 1535067 13357577388 13359112455 DeblockFrame
1178 1850 289811587 13028196059 13318007646 DeblockMb_for.cond
1182 1852 4062926420 3026704852 7089631272 GetStrength
1186 1856 3043855758 2841445360 5885301118 EdgeLoop_for.cond
1042 1860 982774620 168099840 1150874460 find_distortion_for.cond.75
1038 1862 463723956 84049920 547773876 find_distortion_for.cond.112
1002 1868 10602 12384563 12395165 writeout_picture_for.cond
3122 1872 5504 182387 187891 free_slice_list
3162 1876 7866 65014 72880 free_slice_for.cond
1018 1884 870707718 0 870707718 find_snr_for.cond.84
1014 1886 393682014 0 393682014 find_snr_for.cond.120
1678 1894 188 1936 2124 flush_dpb_for.cond
1782 1900 33618 0 33618 remove_unused_frame_from_dpb_for.cond
1670 1902 60 989581 989641 flush_dpb_while.cond.1
1598 1906 84126 57917 142043 update_ref_list_for.cond
1594 1908 26120 0 26120 update_ref_list_while.cond
1606 1912 48774 43076 91850 update_ltref_list_for.cond
1602 1914 28036 0 28036 update_ltref_list_while.cond
1618 1916 7199 13040942 13048141 store_picture_in_dpb_while.cond
1614 1918 6958 0 6958 store_picture_in_dpb_for.cond
914 1924 4586818858 0 4586818858 UnifiedOneForthPix_for.cond
910 1926 6866662133 645399040 7512061173 UnifiedOneForthPix_for.cond.339
906 1930 12322327766 6277972480 18600300246 UnifiedOneForthPix_for.cond.528
902 1934 29603747062 12555944960 42159692022 UnifiedOneForthPix_for.cond.654
1046 1936 352725388 295895040 648620428 GenerateFullPelRepresentation
1642 1942 201572925 0 201572925 dpb_split_field_for.cond.336
1638 1944 52338141 0 52338141 dpb_split_field_for.cond.531
1634 1946 72474417 0 72474417 dpb_split_field_for.cond.916
1630 1948 42451947 0 42451947 dpb_split_field_for.cond.1392
1626 1950 124751169 0 124751169 dpb_split_field_for.cond.1424
1070 2378 79 3700 3779 get_LeakyBucketRate_for.cond
1558 1990 14485 0 14485 init_lists_for.cond.114
1554 2000 855 0 855 init_lists_for.cond.145
1506 2002 48874 0 48874 init_lists_for.cond.629
1502 2004 52198 0 52198 init_lists_for.cond.638
2210 2008 7082600960 4064538143771 4071620744731 PartitionMotionSearch_for.cond
2170 2012 23043123840 0 23043123840 BlockMotionSearch_for.cond
2054 2016 7557288042 0 7557288042 SetMotionVectorPredictor_for.cond
2050 2022 3309440640 0 3309440640 SetupFastFullPelSearch_for.cond
2042 2024 1560029439658 210695688420 1770725128078 SetupFastFullPelSearch_for.cond.214
3022 2030 21410640768 0 21410640768 UMVLine16Y_11_for.cond
3018 2032 19700963568 0 19700963568 UMVLine16Y_11_for.cond.27
2038 2036 9804361600 0 9804361600 SetupLargerBlocks_for.cond
2034 2038 9804361600 0 9804361600 SetupLargerBlocks_for.cond.18
2030 2040 9804361600 0 9804361600 SetupLargerBlocks_for.cond.34
2026 2042 9804361600 0 9804361600 SetupLargerBlocks_for.cond.50
2022 2044 9804361600 0 9804361600 SetupLargerBlocks_for.cond.66
2018 2046 9804361600 0 9804361600 SetupLargerBlocks_for.cond.82
