602 724 690 15807 16497 hmmcalibrate_while.cond
1386 756 1519 1036 2555 Getopt_for.cond
2302 760 70 1259 1329 IsInt_while.cond
2298 768 210 24 234 IsInt_while.cond.42
2314 782 44 6 50 IsReal_while.cond
2310 784 306 18 324 IsReal_while.cond.11
2306 786 44 6 50 IsReal_while.cond.65
598 1044 192 5018751015239 5018751015431 hmmcalibrate_while.cond.133
546 1058 6115 68690 74805 read_asc20hmm_while.cond
2106 1066 560 60 620 StringChop_while.cond
2122 1072 194 1570 1764 s2upper
10 1084 446 1517 1963 SetAlphabet_for.cond
6 1092 328 0 328 SetAlphabet_for.cond.5
42 1094 799 924 1723 set_degenerate
826 1118 8584 0 8584 AllocPlan7Body_for.cond
822 1120 1492 0 1492 AllocPlan7Body_for.cond.91
818 1122 300 0 300 AllocPlan7Body_for.cond.115
814 1124 200 0 200 AllocPlan7Body_for.cond.130
542 1126 313720 4418322 4732042 read_asc20hmm_for.cond.435
882 1132 3224 134400 137624 Plan7Renormalize_for.cond
2342 1136 172708 0 172708 FSum
2410 1138 141768 0 141768 FNorm_for.cond
878 1140 3192 133056 136248 Plan7Renormalize_for.cond.1
2334 1142 14116 0 14116 FScale
874 1144 11112 69696 80808 Plan7Renormalize_for.cond.17
870 1146 158 912 1070 Plan7Renormalize_for.cond.49
606 1148 37915562 5018709997072 5018747912634 main_loop_serial
862 1154 115388 2218786 2334174 P7Logoddsify_for.cond
866 1174 677197 767947 1445144 DegenerateSymbolScore
858 1176 9318 132383 141701 P7Logoddsify_for.cond.62
854 1178 15142 59376 74518 P7Logoddsify_for.cond.140
850 1180 13182 46911 60093 P7Logoddsify_for.cond.265
986 1184 269 0 269 P7DefaultNullModel_for.cond
306 1186 5265 398 5663 AllocHistogram
46 1190 67 0 67 CreatePlan7Matrix_for.cond
2074 1196 3564 0 3564 sre_random_for.cond
2094 1198 7873635 6448898 14322533 Gaussrandom_S40
2134 1200 5006885304 92913352193 97920237497 RandomSequence
2102 1204 65749403933 0 65749403933 FChoose_for.cond
22 1206 5284628932 13824083446 19108712378 DigitizeSequence
50 1228 664056 0 664056 ResizePlan7Matrix_for.cond
302 1230 1218500000 0 1218500000 P7Viterbi_for.cond
298 1232 4900098687091 0 4900098687091 P7Viterbi_for.cond.36
2090 1240 373318 0 373318 Gaussrandom_S120
2086 1242 447433 2644744 3092177 Gaussrandom_S140
394 1250 4558 0 4558 ExtremeValueFitHistogram_for.cond
390 1252 1799 86535 88334 ExtremeValueFitHistogram_for.cond.16
414 1256 186 78032 78218 EVDCensoredFit_for.cond
474 1258 18560 59472 78032 Lawless422
398 1260 1876 4838 6714 EVDCensoredFit_for.cond.70
386 1266 5625 0 5625 ExtremeValueSetHistogram_for.cond
382 1268 14848 371954 386802 ExtremeValueSetHistogram_for.cond.7
378 1274 2056 0 2056 ExtremeValueSetHistogram_for.cond.37
2066 1278 186 0 186 IncompleteGamma_for.cond
2050 1282 261 0 261 Gammln_for.cond
594 1294 78 10660413 10660491 hmmcalibrate_for.cond
842 1298 285 210 495 Plan7ComlogAppend_for.cond
838 1300 357 1563 1920 Plan7ComlogAppend_for.cond.22
570 1306 49 2107 2156 multiline_while.cond
490 1314 280 12475 12755 WriteAscHMM_for.cond
486 1318 532 31377 31909 WriteAscHMM_for.cond.76
482 1320 351 9320 9671 WriteAscHMM_for.cond.98
478 1322 149977 7817060 7967037 WriteAscHMM_for.cond.117
1454 1350 143 0 143 SqdClean
