106 746 193486 50277 243763 initialize_eval_for.cond
102 754 4823314 1866240 6689554 initialize_eval_for.cond.26
730 782 32482 202218 234700 initialize_zobrist
810 784 12482 0 12482 seedMT
818 790 45596 0 45596 reloadMT_for.cond
814 792 79368 0 79368 reloadMT_for.cond.7
758 808 3595 0 3595 reset_piece_square_for.cond
754 810 21470 0 21470 reset_piece_square_for.cond.5
734 812 47310 0 47310 initialize_hash
98 894 572 6245007625673 6245007626245 run_autotest_while.cond
90 934 144 0 144 setup_epd_line_while.cond
86 936 67520 92897 160417 setup_epd_line_while.cond.2
746 962 24516 573480 597996 display_board_for.cond
646 966 18515700 6244822861706 6244841377406 think_restart.outer
230 972 381236577092 404833189683 786069766775 gen_restart
34 992 134564383512 0 134564383512 is_attacked_for.cond
30 994 39534831273 0 39534831273 is_attacked_for.cond.21
26 996 65115681650 0 65115681650 is_attacked_for.cond.35
450 1012 8254 0 8254 check_phase_for.cond
602 1028 3554923 3908783 7463706 order_moves_for.cond
662 1034 201107929920 0 201107929920 setup_attackers_for.cond
658 1036 205032162680 0 205032162680 setup_attackers_for.cond.55
654 1038 164478347658 0 164478347658 setup_attackers_for.cond.151
670 1040 58159900013 63386430255 121546330268 see_while.cond
666 1042 53340455001 7213037514 60553492515 findlowest
634 1044 1121211 6244624558367 6244625679578 search_root_while.cond.outer
618 1048 507024075786 0 507024075786 remove_one_for.cond
742 1052 4569658 85188 4654846 comp_to_san_for.cond
46 1054 58375436937 0 58375436937 is_attacked_for.cond.64
42 1056 20034381120 0 20034381120 is_attacked_for.cond.99
38 1058 36399792905 0 36399792905 is_attacked_for.cond.113
606 1072 256736126775 791980611954 1048716738729 order_moves_for.cond.301
614 1074 12867427353 2321742088046 2334609515399 qsearch_while.cond.outer.outer
614 1075 17147816599 3801833934770 3818981751369 qsearch_while.cond.outer.outer'2
462 1080 44823589152 0 44823589152 std_eval_for.cond
458 1082 397129734954 6194841978 403324576932 std_eval_for.cond.37
454 1084 1302090513125 735345011306 2037435524431 std_eval_for.cond.125
466 1090 233897015264 0 233897015264 rook_mobility
470 1096 179018692473 0 179018692473 bishop_mobility
738 1110 77917 2561555 2639472 comp_to_san_for.cond.219
626 1122 17101199865 367253663138 384354863003 search_for.cond.262
622 1124 15645781 6244459891761 6244475537542 search_while.cond
622 1125 149896137296 60288733067869 60438629205165 search_while.cond'2
782 1130 40062 7879183 7919245 stringize_pv_for.cond
778 1134 17094 155581 172675 stringize_pv_for.cond.5
790 1156 72672 17093693 17166365 post_thinking_for.cond
786 1158 34254 313533 347787 post_thinking_for.cond.38
82 1190 3504749469 0 3504749469 is_draw_for.cond
338 1192 165211161 0 165211161 f_in_check_for.cond.853
78 1202 442218550 0 442218550 is_draw_for.cond.23
398 1212 48500601 0 48500601 f_in_check_for.cond.658
402 1214 4222384396 0 4222384396 f_in_check_for.cond.673
298 1226 21910083 0 21910083 f_in_check_for.cond.141
238 1258 61318881 0 61318881 f_in_check_for.cond.331
302 1272 3415605128 0 3415605128 f_in_check_for.cond.155
