254 976 24596 0 24596 _ZN6wayobj5clearEv_for.cond
250 978 26132 0 26132 _ZN6wayobj5clearEv_for.cond.7
246 980 27668 0 27668 _ZN6wayobj5clearEv_for.cond.19
242 982 30740 0 30740 _ZN6wayobj5clearEv_for.cond.31
258 984 6771281 0 6771281 _ZN6wayobj7loadmapEPKc_for.cond
66 998 2825 0 2825 _ZN9regmngobj7loadmapEPKc_for.cond
50 1024 46908183 84856038 131764221 _ZN9regmngobj13findfreeplaceEiiRiS0__for.cond
46 1030 4724767 3724366 8449133 _ZN9regmngobj13findfreeplaceEiiRiS0__while.cond
58 1056 43891969 156796284 200688253 _ZN11regboundobj9firststepEiiP6regobjP9regmngobj_for.cond
90 1084 15806788 381212974 397019762 _ZN9regmngobj13defineregionsEv_for.cond
86 1092 819388 16396012 17215400 _ZN9regmngobj13defineregionsEv_for.cond.85
122 1100 936440 409682 1346122 _ZN9regmngobj14enlargeregionsEv_for.cond
118 1104 1392885 712152 2105037 _ZN9regmngobj14enlargeregionsEv_for.cond.7
82 1108 6542785 8365786 14908571 _ZN9regmngobj13deleteregionsEv_for.cond
78 1114 2033990 18724970 20758960 _ZN9regmngobj13deleteregionsEv_for.cond.6
114 1136 6946688 230137897 237084585 _ZN9regmngobj15redefineregionsEv_for.cond
110 1138 39275994 1088581890 1127857884 _ZN9regmngobj15redefineregionsEv_for.cond.11
106 1140 1690456 34852551 36543007 _ZN9regmngobj15redefineregionsEv_for.cond.26
298 1152 12196853 23973650 36170503 _ZN6regobj6createEii_for.cond
294 1156 2282768 126270100 128552868 _ZN6regobj6createEii_while.cond
162 1164 3747200 1639358 5386558 _ZN9regmngobj19defineneighborhood1Ev_for.cond
158 1166 4215588 2810328 7025916 _ZN9regmngobj19defineneighborhood1Ev_for.cond.3
154 1170 994879942 337318411 1332198353 _ZN9regmngobj19defineneighborhood1Ev_for.cond.13
138 1174 2097792 917763 3015555 _ZN9regmngobj18enlargeneighborsesEi_for.cond
134 1176 4665284 2554510 7219794 _ZN9regmngobj18enlargeneighborsesEi_for.cond.3
130 1178 2717755 1145928 3863683 _ZN9regmngobj18enlargeneighborsesEi_for.cond.30
126 1180 59377329 28199349 87576678 _ZN9regmngobj18enlargeneighborsesEi_for.cond.53
150 1182 26593788 17414136 44007924 _ZN9regmngobj13createregionsEi_for.cond
174 1186 2371003 1443190 3814193 _ZN9regmngobj20definemiddleregpointEv_for.cond
170 1188 55423488 23592960 79016448 _ZN9regmngobj20definemiddleregpointEv_for.cond.8
166 1190 3401853 2164785 5566638 _ZN9regmngobj20definemiddleregpointEv_for.cond.26
146 1194 824728 360808 1185536 _ZN9regmngobj13createregionsEi_for.cond.58
142 1198 979303 360787 1340090 _ZN9regmngobj13createregionsEi_for.cond.72
286 1208 2833917 388221700360 388224534277 main_for.cond
318 1224 654508986 614544265780 615198774766 _ZN6wayobj4fillEiiii_while.cond
314 1228 613073720862 0 613073720862 _ZN6wayobj10makebound2EPiiS0__for.cond
10 1238 1712327104 246048487 1958375591 _ZN6wayobj11createwayarEiiRP8point16tRi_for.cond
326 1240 2011031 12971955 14982986 _ZN6wayobj13findfreepointEiiRiS0__while.cond
322 1244 8998748 0 8998748 _ZN6wayobj18makeobstaclebound2EPiiS0__for.cond
282 1246 5098914 101443964514 101449063428 main_for.cond.55
182 1254 21936546652 9596752711 31533299363 _ZN9regmngobj13getregfillnumEv_for.cond
306 1256 407383404 138352002353 138759385757 _ZN9regwayobj4fillEP6regobjS1__while.cond
310 1266 995493403 312363869 1307857272 _ZN9regwayobj6getwayEP6regobjRPS1__for.cond
222 1298 4363 112257 116620 _ZN7way2obj7loadmapEPKc_for.cond
278 1300 10778016 620536595630 620547373646 main_for.cond.93
218 1308 24439200 0 24439200 _ZN7way2obj9createwayEiiiiPhRP6pointtRi_for.cond
206 1312 27927600 8704000 36631600 _ZN7way2obj4fillEii_for.cond
202 1314 840300300 1225709300782 1226549601082 _ZN7way2obj4fillEii_while.cond
198 1318 106869781872 1117694826898 1224564608770 _ZN7way2obj12releaseboundEv_for.cond
194 1322 567625163598 344566477706 912191641304 _ZN7way2obj12releasepointEii_for.cond
214 1334 2442437565 272312562 2714750127 _ZN7way2obj11createwayarERP6pointtRi_while.cond.outer
210 1336 72525900 20286308 92812208 _ZN7way2obj11createwayarERP6pointtRi_for.cond.108
274 1338 10778016 608890384096 608901162112 main_for.cond.151
270 1370 380389 228988342404 228988722793 main_for.cond.220
266 1372 996340 70197527939 70198524279 main_for.cond.258
