0 19 10296224729352 10296224729371 0x00000000000011e0
2 657 1256236 1256893 _dl_start
4 230 0 230 _dl_setup_hash
6 619 1255594 1256213 _dl_sysdep_start
2056 9 0 9 0x0000000000008b20
10 2582 0 2582 strlen
12 17 0 17 sbrk
2062 3 0 3 0x0000000004ef972c
16 554 0 554 _dl_next_ld_env_entry
18 3063 0 3063 bcmp
20 1732 2321 4053 _dl_new_object
24 189 911 1100 calloc
28 228 1907 2135 malloc
2078 2 0 2 0x0000000000005770
32 1820 165 1985 __libc_memalign
34 1550 0 1550 memcpy
36 430 36 466 _dl_add_to_namespace_list
2086 17 1379 1396 0x00000000000023b0
40 58 0 58 rtld_lock_default_unlock_recursive
42 13958 53188 67146 strcmp
43 53188 336145 389333 strcmp'2
44 88 5 93 _dl_discover_osversion
46 5 0 5 uname
48 581 3340 3921 _dl_init_paths
8 12 0 12 brk
50 255 78 333 _dl_important_hwcaps
2100 9 0 9 0x0000000000002340
54 335 1153 1488 decompose_rpath
56 198 1083 1281 expand_dynamic_string_token
58 2475 0 2475 index
60 457 2608 3065 fillin_rpath
62 2738 0 2738 strsep
66 12 0 12 free
68 89 0 89 _dl_debug_initialize
70 4 0 4 _dl_count_modids
72 2 0 2 _dl_debug_state
74 27 2683 2710 do_preload
76 756 59064 59820 _dl_catch_error
2126 3 0 3 0x00000000057d67d4
2128 17 1379 1396 0x0000000000002f80
82 12 2613 2625 map_doit
84 4228 54022 58250 _dl_map_object
14 1419 1254105 1255524 dl_main
86 20088 22316 42404 _dl_name_match_p
88 2086 2858 4944 open_verify
90 207 0 207 open
92 40 0 40 read
94 7094 18376 25470 _dl_map_object_from_fd
96 90 0 90 _fxstat
2064 17 1379 1396 0x00000000000057e0
98 819 0 819 mmap
100 90 0 90 mprotect
2150 185 398 583 _IO_cleanup
104 45 0 45 close
106 9 0 9 access
108 4789 59775 64564 _dl_map_object_deps
110 340 55637 55977 openaux
112 1967 3463 5430 open_path
114 140 0 140 _xstat
116 1469 5440 6909 _dl_load_cache_lookup
118 41 53 94 _dl_sysdep_read_whole_file
120 4055 0 4055 _dl_cache_libcmp
122 90 524 614 strdup
124 6 0 6 _dl_next_tls_modid
126 470 1801 2271 cache_rpath.part.5
128 70 87 157 _dl_dst_count
130 200 96 296 _dl_dst_substitute
132 96 0 96 stpcpy
134 390 40 430 memmove
136 40 0 40 _wordcopy_fwd_aligned
138 28 20026 20054 _dl_receive_error
140 10 20014 20024 version_check_doit
142 159 19855 20014 _dl_check_all_versions
144 5301 14554 19855 _dl_check_map_versions
146 3896 3370 7266 match_symbol
148 102 554 656 init_tls
150 56 0 56 _dl_determine_tlsoffset
152 334 121 455 _dl_allocate_tls_storage
154 193595 966100 1159695 _dl_relocate_object
156 540734 513829 1054563 _dl_lookup_symbol_x
158 380819 133010 513829 do_lookup_x
160 65341 39668 105009 check_match.9440
162 5 0 5 strcasecmp
164 15 7 22 time
166 28 0 28 _dl_vdso_vsym
168 5 0 5 strnlen
170 5 0 5 strncasecmp
172 16 0 16 memset
174 15 7 22 gettimeofday
176 15 0 15 memcpy@GLIBC_2.2.5
178 24 0 24 _dl_add_to_slotinfo
180 8 0 8 __exp_finite
182 16 0 16 cos
184 5 0 5 rint
186 5 0 5 __pow_finite
188 8 0 8 __log_finite
190 5 0 5 rintf
192 5 0 5 __acos_finite
194 5 0 5 floorf
196 5 0 5 floor
198 5 0 5 __asin_finite
200 8 0 8 __atan2_finite
202 16 0 16 sin
204 81 157 238 _dl_allocate_tls_init
206 1 0 1 _dl_sysdep_start_cleanup
208 10 5 15 _dl_unload_cache
210 5 0 5 munmap
214 498 55613 56111 _dl_init
216 4 8575 8579 0x00000000057cb400
2084 3 0 3 0x0000000005172988
218 190 8385 8575 __pthread_initialize_minimal
220 134 0 134 __libc_sigaction
228 2639 96000 98639 _dl_runtime_resolve
38 58 0 58 rtld_lock_default_lock_recursive
230 7214 88786 96000 _dl_fixup
232 5 0 5 _dl_get_tls_static_info
238 5 571 576 secure_getenv
240 544 27 571 getenv
242 8100651 0 8100651 __GI_strlen
248 10 0 10 getrlimit
254 3 0 3 __libc_dl_error_tsd
260 393 50 443 __libc_pthread_init
262 50 0 50 __register_atfork
266 16 0 16 0x0000000000006720
274 60 105 165 _init
276 24 51 75 __init_misc
278 51 0 51 __GI_strrchr
280 16 0 16 __ctype_init
282 150 1727 1877 init_cacheinfo
284 94 1633 1727 handle_intel.isra.0
286 407 1226 1633 intel_check_word
288 902 324 1226 bsearch
290 324 0 324 intel_02_known_compare
292 6 0 6 0x0000000005bec7f8
296 89 93 182 __cpu_indicator_init
298 40 0 40 0x0000000000002c30
302 53 0 53 0x0000000000002b60
306 16 0 16 0x0000000000002fc0
52 1960 0 1960 mempcpy
314 6 0 6 0x00000000059e3e98
318 16 0 16 0x00000000000023f0
326 6 0 6 0x0000000005108278
330 16 0 16 0x0000000000005820
338 6 0 6 0x0000000004edd5c8
342 16 0 16 0x0000000000008bd0
2106 3 0 3 0x00000000059e70b4
350 6 0 6 0x0000000004c5b560
354 16 0 16 0x0000000000039c80
2108 17 1379 1396 0x00000000000066e0
362 6 44643 44649 _GLOBAL__sub_I_iostream.cpp
370 177 42424 42601 std::__1::ios_base::Init::Init()
376 27 32848 32875 std::__1::basic_streambuf<char, std::__1::char_traits<char> >::basic_streambuf()
382 70 32219 32289 std::__1::locale::locale()
388 65 31428 31493 std::__1::locale::__global()
394 54 2899 2953 __cxa_guard_acquire
402 434 1302 1736 pthread_mutex_lock
404 1356 0 1356 pthread_mutex_lock
410 434 1054 1488 pthread_mutex_unlock
412 1102 0 1102 pthread_mutex_unlock
418 17 26248 26265 std::__1::locale::classic()
420 207 25700 25907 std::__1::locale::__imp::__imp(unsigned long)
422 240 23 263 std::__1::vector<std::__1::locale::facet*, std::__1::__sso_allocator<std::__1::locale::facet*, 28ul> >::vector(unsigned long)
424 23 0 23 std::__1::vector<std::__1::locale::facet*, std::__1::__sso_allocator<std::__1::locale::facet*, 28ul> >::allocate(unsigned long)
430 17 3449 3466 std::__1::basic_string<char, std::__1::char_traits<char>, std::__1::allocator<char> >::basic_string(char const*)
2120 9 0 9 0x0000000000006670
436 14 0 14 strlen
438 7192716 0 7192716 __strlen_sse2_pminub
444 28 1172 1200 std::__1::basic_string<char, std::__1::char_traits<char>, std::__1::allocator<char> >::__init(char const*, unsigned long)
450 22 0 22 memcpy@@GLIBC_2.14
452 323816329 0 323816329 __memcpy_ssse3_back
460 712 9919 10631 std::__1::locale::id::__get()
468 812 8214 9026 std::__1::__call_once(unsigned long volatile&, void*, void (*)(void*))
78 46 0 46 _dl_initial_error_catch_tsd
478 224 168 392 void std::__1::__call_once_proxy<std::__1::tuple<std::__1::(anonymous namespace)::__fake_bind&&> >(void*)
80 420 0 420 __sigsetjmp
482 168 0 168 std::__1::locale::id::__init()
490 217 403 620 pthread_cond_broadcast@@GLIBC_2.3.2
492 403 0 403 pthread_cond_broadcast@@GLIBC_2.3.2
494 868 1629 2497 std::__1::locale::__imp::install(std::__1::locale::facet*, long)
500 98 0 98 std::__1::__shared_count::__add_shared()
502 784 0 784 std::__1::vector<std::__1::locale::facet*, std::__1::__sso_allocator<std::__1::locale::facet*, 28ul> >::__append(unsigned long)
514 14 5267 5281 std::__1::ctype<char>::ctype(unsigned short const*, bool, unsigned long)
520 4 4508 4512 std::__1::ctype<char>::classic_table()
526 20 3875 3895 std::__1::__cloc()
532 40 0 40 newlocale
538 36 1865 1901 __cxa_guard_release
548 14 4 18 std::__1::codecvt<wchar_t, char, __mbstate_t>::codecvt(unsigned long)
554 17 4 21 std::__1::numpunct<char>::numpunct(unsigned long)
556 8 0 8 std::__1::basic_string<char, std::__1::char_traits<char>, std::__1::allocator<char> >::basic_string()
562 17 4 21 std::__1::numpunct<wchar_t>::numpunct(unsigned long)
2142 9 0 9 0x0000000000002f10
570 28 14 42 std::__1::locale::locale(std::__1::locale const&)
574 18 822 840 std::__1::__stdinbuf<char>::imbue(std::__1::locale const&)
580 36 168 204 std::__1::locale::use_facet(std::__1::locale::id&) const
582 72 0 72 std::__1::locale::__imp::use_facet(long) const
586 2 0 2 std::__1::codecvt<char, char, __mbstate_t>::do_encoding() const
588 6 0 6 std::__1::codecvt<char, char, __mbstate_t>::do_always_noconv() const
594 12 873 885 std::__1::locale::~locale()
600 36 0 36 std::__1::__shared_count::__release_shared()
2148 3 0 3 0x0000000005bfc298
610 168 120 288 std::__1::ios_base::init(void*)
102 13526 0 13526 memset
616 27 45 72 std::__1::basic_streambuf<wchar_t, std::__1::char_traits<wchar_t> >::basic_streambuf()
618 18 3948 3966 std::__1::__stdinbuf<wchar_t>::imbue(std::__1::locale const&)
622 36 3854 3890 std::__1::codecvt<wchar_t, char, __mbstate_t>::do_encoding() const
2152 54 0 54 _IO_flush_all_lockp
628 168 0 168 uselocale
636 19 0 19 mbtowc
2154 30 102 132 _IO_file_setbuf@@GLIBC_2.2.5
644 5 0 5 __ctype_get_mb_cur_max
646 6 0 6 std::__1::codecvt<wchar_t, char, __mbstate_t>::do_always_noconv() const
648 60 172 232 std::__1::__stdoutbuf<char>::__stdoutbuf(_IO_FILE*, __mbstate_t*)
2156 76 26 102 _IO_default_setbuf
654 60 172 232 std::__1::__stdoutbuf<wchar_t>::__stdoutbuf(_IO_FILE*, __mbstate_t*)
2158 5 0 5 _Exit
664 44 83 127 __cxa_atexit
666 83 0 83 __new_exitfn
668 6 0 6 0x0000000004a22560
672 16 0 16 0x0000000000000670
682 16 10296223416332 10296223416348 0x0000000000404fa0
690 62 10296223414954 10296223415016 (below main)
692 34 22 56 __libc_csu_init
694 6 0 6 0x0000000000404c18
698 16 0 16 0x0000000000405070
706 2 28 30 _setjmp
708 19 9 28 __sigsetjmp
710 9 0 9 __sigjmp_save
712 118 10296223391682 10296223391800 main
718 496 170951 171447 fopen@@GLIBC_2.2.5
720 9920 161031 170951 __fopen_internal
724 11782333 116486636 128268969 malloc
725 40 1053 1093 malloc'2
726 11 57724 57735 malloc_hook_ini
728 585 56046 56631 ptmalloc_init.part.8
730 55986 51 56037 _dl_addr
732 9 0 9 __linkin_atfork
734 1831645715 40059288 1871705003 _int_malloc
736 75892069 0 75892069 malloc_consolidate
738 8781 7634 16415 sysmalloc
740 568 4096 4664 __default_morecore
742 2207 1889 4096 sbrk
744 1889 0 1889 brk
746 35540144 39091356 74631500 _IO_no_init
748 39091356 0 39091356 _IO_old_init
750 3224 28520 31744 _IO_file_init@@GLIBC_2.2.5
752 25792 5456 31248 _IO_link_in
754 27022842 0 27022842 _pthread_cleanup_push_defer
756 15441624 0 15441624 _pthread_cleanup_pop_restore
758 20708 10664 31372 _IO_file_fopen@@GLIBC_2.2.5
760 496 1240 1736 open
762 1240 0 1240 __open_nocancel
764 6200 0 6200 __GI_strstr
766 992 0 992 __fopen_maybe_mmap
768 1042 133270 134312 main_while.cond
774 14094 434241 448335 __isoc99_fscanf
776 1014435084 464932263 1479367347 _IO_vfscanf
778 3546348 3039468 6585816 __uflow
780 1102352 1937116 3039468 _IO_default_uflow
782 123714 97229 220943 _IO_file_underflow@@GLIBC_2.2.5
784 4482 27390 31872 _IO_doallocbuf
786 10458 16932 27390 _IO_file_doallocate
788 996 2490 3486 _IO_file_stat
790 2490 0 2490 _fxstat
792 9240 0 9240 mmap
794 37322117 1225 37323342 _IO_setb
796 61820 0 61820 _IO_switch_to_get_mode
798 13296 23268 36564 _IO_file_read
800 6648 16620 23268 read
802 16620 0 16620 __read_nocancel
804 50486982 0 50486982 _IO_sputbackc
806 300 89142 89442 __strtod_internal
808 50751 38391 89142 ____strtod_l_internal
810 30510933 0 30510933 __GI_memcpy
812 11749974 6185034 17935008 __mpn_mul
814 9217516 0 9217516 __mpn_mul_1
816 750 0 750 __mpn_addmul_1
818 36829316 0 36829316 str_to_mpn.isra.0
820 10416290 0 10416290 __mpn_lshift
822 62084 0 62084 __mpn_cmp
824 20379492894 0 20379492894 __GI_memset
826 1625 0 1625 __mpn_submul_1
828 1161 590 1751 __GI_memmove
830 590 0 590 _wordcopy_bwd_aligned
832 21092062 3515911 24607973 round_and_return
834 1400 0 1400 __mpn_construct_double
840 18375 90135 108510 fclose@@GLIBC_2.2.5
842 27203 5390 32593 _IO_un_link
844 11769 16018 27787 _IO_file_close_it@@GLIBC_2.2.5
846 2214 0 2214 _IO_unsave_markers
848 490 1225 1715 _IO_file_close
850 1225 0 1225 __close_nocancel
852 1240 0 1240 munmap
854 1960 5880 7840 _IO_file_finish@@GLIBC_2.2.5
856 3430 2450 5880 _IO_default_finish
860 305283313 1595493131 1900776444 free
862 1559645840 35849223 1595495063 _int_free
864 27 0 27 systrim.isra.3
866 406030 30082351 30488381 _E__pr_info_header
872 2218976 233980884 236199860 fprintf
874 140635226 199842897 340478123 vfprintf
876 18626000 0 18626000 strchrnul
878 74887126 31188355 106075481 _IO_file_xsputn@@GLIBC_2.2.5
880 2102 8706 10808 _IO_file_overflow@@GLIBC_2.2.5
882 297245 255592 552837 _IO_do_write@@GLIBC_2.2.5
884 81932 231 82163 _IO_default_xsputn
886 31981236 0 31981236 __GI_mempcpy
888 19014788 0 19014788 _itoa_word
890 1284701 106320682 107605383 _E__pr_info
896 147 3198978885 3198979032 live_initialize_decoder
898 76 154545 154621 parse_args_file
900 208723658 2041970133 2250693791 __ckd_calloc__
906 1392324374 4305670436 5697994810 calloc
908 1834 17478 19312 parse_args_file_while.cond.outer
914 10866278 33332205 44198483 fgets
916 329282 33002923 33332205 _IO_getline
918 10481517 22521406 33002923 _IO_getline_info
920 8335367 0 8335367 memchr
926 15142 0 15142 strtok
936 117 306 423 rewind
938 103 493 596 _IO_seekoff_unlocked
940 419 74 493 _IO_file_seekoff@@GLIBC_2.2.5
942 12 42 54 _IO_file_seek
944 12 30 42 lseek
946 30 0 30 __lseek_nocancel
948 4749998 177543 4927541 __ckd_calloc_2d__
950 7428 88699 96127 __ckd_malloc__
956 1639 15316 16955 parse_args_file_while.cond.34.outer
962 5 0 5 strcpy
964 137318 0 137318 __strcpy_sse2_unaligned
970 76 109219 109295 cmd_ln_parse
972 929 0 929 cmd_ln_parse_for.cond
974 276 53487 53763 hash_new
976 156 1368 1524 prime_size
978 1368 0 1368 prime_size_for.cond
980 1683 29009 30692 cmd_ln_parse_for.cond.3
982 5911 84202 90113 hash_enter
984 15831500 107821430 123652930 key2hash
986 75319267 0 75319267 key2hash_for.cond.15
988 3248725 35129499 38378224 enter
990 28332775 139000281 167333056 lookup
992 6333941 62271938 68605879 lookup_while.cond.8
994 1342 29665 31007 cmd_ln_parse_for.cond.20
996 9954700 212200268 222154968 hash_lookup
998 5477240 56794698 62271938 keycmp_case
1000 56794698 0 56794698 keycmp_case_for.cond
1002 2505 52755 55260 arg_str2val
1008 30198188 1771090893 1801289081 __isoc99_sscanf
1010 60396376 1710694517 1771090893 __isoc99_vsscanf
1012 62180930 94986297 157167227 _IO_str_init_static_internal
1014 57677739 0 57677739 __GI___rawmemchr
1016 1736761 0 1736761 _IO_str_underflow
1018 958512 259961498 260920010 __strtof_internal
1020 155262419 104699079 259961498 ____strtof_l_internal
1022 3514511 0 3514511 __mpn_construct_float
1024 2045916 106024299 108070215 __strtol_internal
1026 106024299 0 106024299 ____strtol_l_internal
1028 2215 38802 41017 cmd_ln_parse_for.cond.68
1030 1967 0 1967 cmd_ln_parse_for.cond.99
1032 26 2408 2434 unlimit
1042 5 0 5 setrlimit
1044 787 3198617438 3198618225 kb_init
1050 2025429 77150550 79175979 cmd_ln_access
1052 367 3111125480 3111125847 kbcore_init
1054 98 9206426 9206524 logs3_init
1056 23687030 13200083 36887113 __printf_fp
1058 314545 0 314545 isnan
1060 584155 0 584155 isinf
1062 943635 0 943635 __mpn_extract_double
1064 4735205 3999368 8734573 hack_digit.13574
1070 216738450 6404172086 6620910536 log
1074 6404172486 0 6404172486 __ieee754_log_avx
1080 12 514 526 log10
1082 114 400 514 __log10_finite
1084 675055 3847025 4522080 logs3_init_for.cond
1086 821801 3847025 4668826 logs3_init_for.cond.30
1088 131 5104 5235 feat_init
1090 7625 72565 80190 __ckd_salloc__
1096 5 0 5 strcmp
1098 11498092 0 11498092 __strcmp_sse42
1100 336 1686748095 1686748431 mdef_init
1102 2804675 37196426 40001101 noncomment_line
1104 3338930 33857496 37196426 noncomment_line_while.cond
1110 5 0 5 strncmp
1112 92 0 92 __strncmp_sse42
1114 580 9823 10403 mdef_init_do.body
1116 979 483390 484369 mdef_init_for.cond
1118 4689 463718 468407 parse_base_line
1120 11632442 144898875 156531317 mdef_ciphone_id
1122 32502163 0 32502163 key2hash_for.cond
1124 1536 25830 27366 ciphone_add
1126 7392 133499 140891 parse_base_line_for.cond
1128 11878292 75219635 87097927 triphone_add
1130 12419964 696734945 709154909 parse_tmat_senmap
1132 24840648 398716558 423557206 parse_tmat_senmap_for.cond
1134 12761976 57632426 70394402 lookup_while.cond
1136 10431408 47201018 57632426 keycmp_nocase
1138 47201018 0 47201018 keycmp_nocase_for.cond
1140 3604527 1478785520 1482390047 mdef_init_for.cond.137
1142 22738720 1416062549 1438801269 parse_tri_line
1144 3795662 17448326 21243988 find_ph_lc
1146 17448326 0 17448326 find_ph_lc_for.cond
1148 3442987 42391718 45834705 find_ph_rc
1150 42391718 0 42391718 find_ph_rc_for.cond
1152 79882 0 79882 mdef_init_for.cond.176
1154 3034 0 3034 mdef_init_for.cond.185
1156 16687511 0 16687511 mdef_init_for.cond.203
1158 210323 0 210323 mdef_init_for.cond.254
1160 102013 0 102013 mdef_init_for.cond.292
1162 1396 0 1396 mdef_init_for.cond.338
1164 149212332 1137262853 1286475185 ckd_free
1166 58 183691056 183691114 sseq_compress
1168 4674203 157586877 162261080 sseq_compress_for.cond
1170 3922772 157570799 161493571 hash_enter_bkey
1172 4734380 50392065 55126445 makekey
1174 30212246 0 30212246 makekey_for.cond
1176 8326083 4023559 12349642 hash_tolist
1178 141231080 516455993 657687073 glist_add_ptr
1180 699961515 529205708 1229167223 __mymalloc__
1182 528180320 0 528180320 __mymalloc___for.cond
1184 782631 0 782631 __mymalloc___for.cond.42
1186 685435 490410 1175845 sseq_compress_for.cond.16
1192 192148392 674630706 866779098 glist_free
1194 601064280 527546165 1128610445 __myfree__
1196 527546165 0 527546165 __myfree___for.cond
1198 1277340 42442501 43719841 ckd_free_2d
1200 5152310 305432 5457742 hash_free
1202 193 781070 781263 dict_init
1204 2361 29205 31566 dict_init_while.cond
1206 74 1011 1085 dict_init_while.cond.16
1208 22107 599036 621143 dict_read
1210 4256 174330 178586 str2words
1212 158416 15914 174330 str2words_for.cond
1218 14664 0 14664 __ctype_b_loc
1220 10314 218372 228686 dict_ciphone_id
1222 11764 142135 153899 dict_add_word
1224 3448 2964 6412 dict_word2basestr
1226 1102 0 1102 dict_word2basestr_for.cond
1228 2442 68388 70830 dict_wordid
1230 78 1419973 1420051 lm_read
1232 1058370 7968670 9027040 logs3
1234 5293634 0 5293634 read_int
1236 190995 0 190995 __mpn_rshift
1238 423 102632 103055 lm_read_dump
1244 352308 806413 1158721 fread
1246 19572 786841 806413 _IO_sgetn
1248 233356 553485 786841 _IO_file_xsgetn
1250 7305 20588 27893 __underflow
1252 850 3793 4643 lm_fread_int32
1254 539 7550 8089 lm_read_dump_for.cond
1256 8357109 19856383 28213492 _IO_padn
1262 43 62 105 ftell
1268 58 228 286 
1270 11639 0 11639 lm_read_dump_for.cond.635
1272 8159 35176 43335 lm_read_dump_for.cond.658
1274 20 17171 17191 lm2logs3
1276 3436 2782 6218 lm2logs3_for.cond
1278 2808 0 2808 log10_to_logs3
1280 4291 6586 10877 lm_uw
1282 106450506561 0 106450506561 logs3_add
1284 50 26 76 lm2logs3_for.cond.16
1286 45 3989 4034 lm_set_param
1288 3757 0 3757 lm_set_param_for.cond
1290 58 0 58 lm_set_param_for.cond.27
1292 1508 0 1508 lm_read_for.cond
1294 1300048 0 1300048 lm_read_for.cond.17
1296 101 2766 2867 fillpen_init
1298 105 1053 1158 fillpen_init_for.cond
1300 52 87862 87914 wid_dict_lm_map
1302 2273 0 2273 wid_dict_lm_map_for.cond
1304 11001 72185 83186 wid_dict_lm_map_for.cond.8
1306 416084024 0 416084024 dict_filler_word
1308 81 576011567 576011648 mgau_init
1310 488 79941767 79942255 mgau_file_read
1312 64 2689 2753 _myfopen
1314 332 25731 26063 bio_readhdr
1316 836 20195 21031 bio_readhdr_for.cond.outer
1318 96 432 528 swap_check
1320 220 176 396 mgau_file_read_for.cond
1322 252 2650 2902 bio_hdrarg_free
1324 242268 78995260 79237528 bio_fread
1326 236056 77783856 78019912 chksum_accum
1328 77783856 0 77783856 chksum_accum_for.cond.17
1330 70 0 70 mgau_file_read_for.cond.74
1332 1505299 0 1505299 mgau_file_read_for.cond.110
1334 4458515030 0 4458515030 log_to_logs3_factor
1336 124 432 556 bio_verify_chksum
1338 1529877 0 1529877 mgau_file_read_for.cond.168
1340 135183 0 135183 mgau_file_read_for.cond.210
1342 185 17080875 17081060 mgau_mixw_read
1344 114 88 202 mgau_mixw_read_for.cond
1346 227353 0 227353 mgau_mixw_read_for.cond.59
1348 1861313 14962156 16823469 mgau_mixw_read_for.cond.86
1350 1327077 1564365 2891442 vector_is_zero
1352 1564365 0 1564365 vector_is_zero_for.cond
1354 1285407 0 1285407 vector_nz_floor
1356 175959 1884531 2060490 vector_sum_norm
1358 964383 0 964383 vector_sum_norm_for.cond
1360 920148 0 920148 vector_sum_norm_for.cond.3
1362 52 5139711 5139763 mgau_uninit_compact
1364 2561953 2573352 5135305 mgau_uninit_compact_for.cond
1366 60998677 3668 61002345 mgau_var_floor
1368 102020521 310825341 412845862 mgau_precomp
1370 52 0 52 logs3_to_log
1372 219 747685703 747685922 subvq_init
1374 383 9496 9879 subvq_init_for.cond
1376 165 1751708 1751873 __ckd_calloc_3d__
1378 137331 0 137331 __ckd_calloc_3d___for.cond
1380 1497657 0 1497657 __ckd_calloc_3d___for.cond.11
1382 1771 757055 758826 subvq_init_for.cond.62
1384 123 716101 716224 vector_gautbl_alloc
1386 1314 34394 35708 subvq_init_for.cond.133
1388 213984 41608 255592 _IO_file_write@@GLIBC_2.2.5
1390 11888 29720 41608 write
1392 29720 0 29720 __write_nocancel
1394 14985551 687119056 702104607 subvq_init_for.cond.163
1400 240137 679103 919240 fflush
1402 134707 544422 679129 _IO_file_sync@@GLIBC_2.2.5
1404 132 35734735 35734867 subvq_maha_precomp
1406 208944 2899968 3108912 vector_gautbl_var_floor
1408 2899968 0 2899968 vector_floor
1410 258093 32360195 32618288 vector_gautbl_maha_precomp
1412 5173248 27186947 32360195 vector_maha_precomp
1414 25 1827663 1827688 subvq_map_compact
1416 1827663 0 1827663 subvq_map_compact_for.cond
1418 5563843 0 5563843 subvq_map_linearize
1420 76 0 76 subvq_init_for.cond.310
1422 207 173819 174026 tmat_init
1424 108 88 196 tmat_init_for.cond
1426 27740 116248 143988 tmat_init_for.cond.71
1428 16 6446 6462 tmat_chk_uppertri
1430 6446 0 6446 tmat_chk_uppertri_for.cond
1432 242 88997791 88998033 dict2pid_build
1434 3072 0 3072 dict2pid_build_for.cond
1436 2521550 0 2521550 dict2pid_build_for.cond.37
1438 172751 84136460 84309211 dict2pid_build_for.cond.83
1440 132 42029405 42029537 single_comsseq
1442 608614 41420698 42029312 single_comsseq_for.cond
1444 3621043 26082889 29703932 mdef_phone_id
1445 856888 4043856 4900744 mdef_phone_id'2
1446 537853 32024190 32562043 glist_chkdup_int32
1448 32024190 0 32024190 glist_chkdup_int32_for.cond
1450 54040300 197247095 251287395 glist_add_int32
1452 31396 17618297 17649693 ssidlist2comsseq
1454 183679 0 183679 glist_count
1456 35690 275866 311556 ssidlist2comsseq_for.cond
1458 12694200 0 12694200 ssidlist2comsseq_for.cond.13
1460 285939 3489244 3775183 ssidlist2comsseq_for.cond.68
1462 6912 14243396 14250308 single_lc_comsseq
1464 614224 13624708 14238932 single_lc_comsseq_for.cond
1466 1633 3072901 3074534 ldiph_comsseq
1468 157985 2914916 3072901 ldiph_comsseq_for.cond
1470 294196 2536790 2830986 mdef_phone_id_nearest
1472 1495 3176841 3178336 rdiph_comsseq
1474 144666 3032175 3176841 rdiph_comsseq_for.cond
1476 182770 0 182770 dict2pid_build_for.cond.244
1478 19220 0 19220 dict2pid_build_for.cond.268
1480 291618 88624 380242 dict2pid_build_for.cond.283
1482 4868 0 4868 dict2pid_build_for.cond.328
1484 156872 148246 305118 dict2pid_build_for.cond.344
1486 16 4286 4302 tmat_chk_1skip
1488 4286 0 4286 tmat_chk_1skip_for.cond
1490 25 0 25 kb_init_for.cond.164
1492 25 0 25 kb_init_for.cond.178
1494 5825 0 5825 kb_init_for.cond.215
1496 1610 0 1610 kb_init_for.cond.251
1498 4776 0 4776 lm_ug_wordprob
1500 3715 0 3715 wid_wordprob2alt
1502 82 45859644 45859726 kb_init_for.cond.405
1504 1026 85971508 85972534 lextree_build
1506 4112598 44961212 49073810 lextree_build_for.cond
1508 708 0 708 lextree_build_for.cond.14
1510 1356 0 1356 lextree_build_for.cond.30
1512 2057742 3367560 5425302 lextree_build_for.cond.47
1514 235785 1869279 2105064 lextree_node_alloc
1516 3213145398 0 3213145398 hmm_clear
1518 29013 29790 58803 glist_chkdup_ptr
1520 29790 0 29790 glist_chkdup_ptr_for.cond
1522 2937588 19779186 22716774 lextree_build_for.cond.502
1524 95 129 224 kb_init_for.cond.427
1526 52785529 0 52785529 fillpen
1528 84 40112890 40112974 kb_init_for.cond.449
1530 41 13432 13473 ascr_init
1532 37 882 919 beam_init
1534 1745 0 1745 kb_init_for.cond.550
1536 90 1389712 1389802 feat_array_alloc
1538 70 0 70 feat_stream_len_sum
1540 762830 0 762830 feat_array_alloc_for.cond
1542 106 24163 24269 vithist_init
1544 27 0 27 ptmr_init
1546 88 189508 189596 fe_init
1548 61 0 61 fe_parse_general_params
1550 15 65613 65628 fe_create_hamming
1552 13137 52476 65613 fe_create_hamming_for.cond
1558 262 0 262 
1560 203453304 0 203453304 csloww1
1562 166462328 1128243312 1294705640 csloww
1564 67 0 67 fe_parse_melfb_params
1566 101 32664 32765 fe_build_melfilters
1568 3406160 79043659 82449819 fe_create_2d
1570 28103772 0 28103772 fe_create_2d_for.cond
1572 34 373 407 fe_mel
1574 899 13908 14807 fe_build_melfilters_for.cond.50
1576 928 12980 13908 fe_melinv
1582 882 11130 12012 pow
1586 7392 3738 11130 __ieee754_pow_sse2
1588 3738 0 3738 __exp1
1590 10901 0 10901 fe_build_melfilters_for.cond.66
1592 25 89541 89566 fe_compute_melcosine
1594 13312 75086 88398 fe_compute_melcosine_for.cond
1596 1128243312 0 1128243312 __dubsin
1598 29534 2918305 2947839 main_while.cond.29
1604 3978 209570 213548 sprintf
1606 8892 200678 209570 vsprintf
1608 4076083 10293017178786 10293021254869 main_for.cond
1610 78624 124512 203136 live_utt_set_uttid
1612 6441652 10293010433750 10293016875402 live_utt_decode_block
1614 117936 600912 718848 fe_start_utt
1616 303264 387986203 388289467 utt_begin
1618 263952 365039227 365303179 vithist_utt_begin
1620 203859714 364792123 568651837 vithist_entry_alloc
1622 177942570 6608013735 6785956305 lextree_enter
1624 472465539 0 472465539 lextree_enter_for.cond
1626 6135548196 0 6135548196 lextree_enter_for.cond.22
1628 81461718 68929146 150390864 kb_lextree_active_swap
1630 68929146 0 68929146 lextree_active_swap
1632 17475744 202117162125 202134637869 fe_process_utt
1634 22907808 0 22907808 fe_process_utt_for.cond
1636 5051367216 0 5051367216 fe_pre_emphasis
1638 8235057024 188318614998 196553672022 fe_process_utt_for.cond.65
1640 17468112 6752966592 6770434704 fe_hamming_window
1642 6752966592 0 6752966592 fe_hamming_window_for.cond
1644 58569552 182525090152 182583659704 fe_frame_to_fea
1646 73982592 145749137526 145823120118 fe_spec_magnitude
1648 6066572544 0 6066572544 fe_spec_magnitude_for.cond
1650 4762629360 0 4762629360 fe_spec_magnitude_for.cond.16
1652 98643456 128126375864 128225019320 fe_fft
1654 247636176 0 247636176 fe_fft_for.cond
1656 7109521584 0 7109521584 fe_fft_for.cond.19
1658 5014375684 31625503987 36639879671 fe_fft_for.cond.39
1664 15422287824 0 15422287824 __sin_avx
1666 82725895824 0 82725895824 fe_fft_for.cond.64
1668 5054449584 0 5054449584 fe_spec_magnitude_for.cond.63
1670 8024028624 0 8024028624 fe_mel_spec
1672 21578256 27630737976 27652316232 fe_mel_cep
1674 1206327264 6267237000 7473564264 fe_mel_cep_for.cond
1676 20157173712 0 20157173712 fe_mel_cep_for.cond.10
1678 6629761 1235563771 1242193532 feat_s2mfc2feat_block
1680 2752566 396046611 398799177 cmn_prior
1682 966168 0 966168 __mpn_divrem
1684 393439104 0 393439104 cmn_prior_for.cond
1686 117 58 175 feat_s2mfc2feat_block_for.cond
1688 40365696 19398788 59764484 feat_s2mfc2feat_block_for.cond.41
1690 61142676 714762628 775905304 feat_s2mfc2feat_block_for.cond.117
1692 82062435 629503277 711565712 feat_1s_c_d_dd_cep2feat
1694 256574955 0 256574955 feat_1s_c_d_dd_cep2feat_for.cond
1696 353180100 0 353180100 feat_1s_c_d_dd_cep2feat_for.cond.42
1698 10814304 10087234694850 10087245509154 utt_decode_block
1700 1958496 0 1958496 utt_decode_block_for.cond
1702 16007235 0 16007235 ptmr_start
1704 314667318 87570136905 87884804223 utt_decode_block_for.cond.9
1706 3014496030 1065300102818 1068314598848 approx_cont_mgau_ci_eval
1708 31998027740 3723758807189 3755756834929 mgau_eval
1710 1023304021740 35115301718 1058419323458 mgau_eval_for.cond
1712 16007235 0 16007235 ptmr_stop
1714 5102317709 9994174682806 9999277000515 utt_decode_block_for.cond.51
1716 6887686160 0 6887686160 lextree_ssid_active
1718 516407652895 0 516407652895 mdef_sseq2sen_active
1720 19288182168 0 19288182168 dict2pid_comsseq2sen_active
1722 129845625 7954874279161 7955004124786 approx_cont_mgau_frame_eval
1724 1048113885 4027350075840 4028398189725 subvq_gautbl_eval_logs3
1726 115302915 4027234772925 4027350075840 vector_gautbl_eval_logs3
1728 4027219191450 0 4027219191450 vector_gautbl_eval_logs3_for.cond
1730 23891595 0 23891595 approx_isskip
1732 556897085069 3268467118529 3825364203598 approx_cont_mgau_frame_eval_for.cond
1734 63554391128 3204912727401 3268467118529 approx_mgau_eval
1736 50252309264 464203686026 514455995290 subvq_mgau_shortlist
1738 306686887420 0 306686887420 subvq_mgau_shortlist_for.cond
1740 157516798606 0 157516798606 subvq_mgau_shortlist_for.cond.91
1742 2589561349058 71335201133 2660896550191 mgau_eval_for.cond.122
1744 101077606593 0 101077606593 approx_cont_mgau_frame_eval_for.cond.141
1746 330528315559 0 330528315559 dict2pid_comsenscr
1748 405118350 111408515354 111813633704 lextree_hmm_eval
1750 16896804224 94511711130 111408515354 lextree_hmm_eval_for.cond.29
1752 42545733774 51965977356 94511711130 hmm_vit_eval_3st
1754 51965977356 0 51965977356 NO_UFLOW_ADD
1756 448746480 39220416792 39669163272 lextree_hmm_propagate
1758 25052379735 14168037057 39220416792 lextree_hmm_propagate_for.cond
1760 78234801 5043082027 5121316828 vithist_prune
1762 14542710 153885831 168428541 heap_new
1764 243881723 1524729457 1768611180 vithist_prune_for.cond
1766 477470912 1073200858 1550671770 vithist_prune_while.cond.outer
1768 221224748 1354134546 1575359294 heap_pop
1770 35659722 752698616 788358338 heap_destroy
1772 58170840 445970764 504141604 vithist_frame_gc
1774 402131522 31374062 433505584 vithist_frame_gc_for.cond
1776 12465180 0 12465180 vithist_frame_gc_for.cond.29
1778 92686234 8597832782 8690519016 utt_word_trans
1780 34279245 1986666075 2020945320 vithist_frame_windup
1782 188825724 1798024889 1986850613 vithist_lmstate_reset
1784 619963119 10464578497 11084541616 vithist_rescore
1786 1395026386 7942375720 9337402106 vithist_rescore_for.cond
1788 842242220 2393262027 3235504247 lm_tg_score
1790 2095557690 297704337 2393262027 lm_bg_score
1792 84 437 521 load_bg
1794 120781953 176921863 297703816 find_bg
1796 82202656 0 82202656 find_bg_while.cond.outer
1798 94719207 0 94719207 find_bg_for.cond
1800 814876707 4741898485 5556775192 vithist_enter
1802 656571179 1043068461 1699639640 vh_lmstate_find
1804 384495244 2279105129 2663600373 vithist_lmstate_enter
1806 1043068461 0 1043068461 vh_lmstate_find_for.cond
1808 94861438 1429868019 1524729457 heap_insert
1810 264288615 1165579404 1429868019 subheap_insert
1811 650664017 2134059583 2784723600 subheap_insert'2
1812 259274699 1094859847 1354134546 subheap_pop
1813 640880108 2031872735 2672752843 subheap_pop'2
1814 739628700 0 739628700 utt_word_trans_for.cond
1816 232176045 47148542 279324587 utt_word_trans_for.cond.17
1818 47148542 0 47148542 vithist_id2entry
1820 814796689 6658558211 7473354900 utt_word_trans_for.cond.61
1822 5044008 268051448 273095456 live_get_partialhyp
1824 6184181 56963666 63147847 vithist_partialutt_end
1826 5342771 0 5342771 vithist_partialutt_end_for.cond
1828 15393287 36227608 51620895 vithist_partialutt_end_for.cond.15
1830 13457223 89555615 103012838 vithist_backtrace
1832 15435998 51883508 67319506 live_get_partialhyp_for.cond
1838 3853386 28500466 32353852 strdup
1840 3463512 12953158 16416670 live_get_partialhyp_for.cond.52
1842 533520 1106537020 1107070540 fe_end_utt
1844 1162512 0 1162512 fe_end_utt_for.cond
1846 1229904 0 1229904 cmn_prior_for.cond.70
1848 763776 319690 1083466 feat_s2mfc2feat_block_for.cond.66
1850 1504974 8709049 10214023 vithist_utt_end
1851 5092 15114 20206 vithist_utt_end'2
1852 748852 0 748852 vithist_utt_end_for.cond
1854 2754703 4832020 7586723 vithist_utt_end_for.cond.10
1856 1651112 573524419 575175531 utt_end
1858 146004 4364953 4510957 kb_freehyps
1860 2075581 100560369 102635950 utt_end_for.cond
1862 1314285 1672402 2986687 utt_end_for.cond.62
1868 5 0 5 strcat
1870 549509 0 549509 __strcat_sse2_unaligned
1872 336960 53032455 53369415 matchseg_write
1874 618703 0 618703 matchseg_write_for.cond
1876 716790 35398958 36115748 matchseg_write_for.cond.7
1878 134784 0 134784 utt_end_for.cond.197
1880 303264 5695584 5998848 utt_end_for.cond.208
1882 117936 0 117936 ptmr_reset
1884 454896 166647572 167102468 utt_end_for.cond.239
1886 37316266 129331306 166647572 lextree_utt_end
1888 235872 5484601 5720473 vithist_utt_reset
1890 336960 61009558 61346518 lm_cache_stats_dump
1892 241488 16977168 17218656 lm_cache_reset
1894 16977168 0 16977168 lm_cache_reset_for.cond
1896 634122 2600545 3234667 kb_freehyps_for.cond
1898 729927 0 729927 cmn_prior_for.cond.38
1900 643269 0 643269 cmn_prior_for.cond.53
1902 65 9416 9481 live_utt_summary
1904 4 22998 23002 exit
1906 66 22932 22998 __run_exit_handlers
1908 569 21775 22344 _dl_fini
1910 1544 361 1905 _dl_sort_fini
1912 8 8 16 0x0000000000405050
1916 8 0 8 0x0000000000404fd0
1922 3 0 3 0x00000000004403b0
1924 17 927 944 0x0000000000000630
1936 386 10577 10963 __cxa_finalize
1938 133 0 133 __unregister_atfork
1942 9 0 9 0x00000000000005c0
1948 3 0 3 0x0000000004a227e0
1950 17 11838 11855 0x0000000000039c40
1960 10 10422 10432 std::__1::ios_base::Init::~Init()
1966 60 4605 4665 std::__1::basic_ostream<char, std::__1::char_traits<char> >::flush()
1972 30 0 30 std::__1::basic_ostream<char, std::__1::char_traits<char> >::sentry::sentry(std::__1::basic_ostream<char, std::__1::char_traits<char> >&)
1976 86 2561 2647 std::__1::__stdoutbuf<char>::sync()
1978 6 0 6 std::__1::codecvt<char, char, __mbstate_t>::do_unshift(__mbstate_t&, char*, char*, char*&) const
1984 72 0 72 fwrite
1994 28 0 28 std::__1::basic_ostream<char, std::__1::char_traits<char> >::sentry::~sentry()
2000 60 3827 3887 std::__1::basic_ostream<wchar_t, std::__1::char_traits<wchar_t> >::flush()
2006 30 0 30 std::__1::basic_ostream<wchar_t, std::__1::char_traits<wchar_t> >::sentry::sentry(std::__1::basic_ostream<wchar_t, std::__1::char_traits<wchar_t> >&)
2010 86 1775 1861 std::__1::__stdoutbuf<wchar_t>::sync()
2012 90 1531 1621 std::__1::codecvt<wchar_t, char, __mbstate_t>::do_unshift(__mbstate_t&, char*, char*, char*&) const
2020 124 88 212 wcrtomb
2022 8 0 8 _dl_mcount_wrapper_check
2024 80 0 80 __gconv_transform_internal_ascii
2032 28 0 28 std::__1::basic_ostream<wchar_t, std::__1::char_traits<wchar_t> >::sentry::~sentry()
2036 9 0 9 0x0000000000039bd0
2042 3 0 3 0x0000000004ca9690
2044 17 1379 1396 0x0000000000008b90
