10 768 1042 133270 134312 main_while.cond
18 908 1834 17478 19312 parse_args_file_while.cond.outer
94 948 4749998 177543 4927541 __ckd_calloc_2d__
14 956 1639 15316 16955 parse_args_file_while.cond.34.outer
134 972 929 0 929 cmd_ln_parse_for.cond
610 978 1368 0 1368 prime_size_for.cond
130 980 1683 29009 30692 cmd_ln_parse_for.cond.3
618 986 75319267 0 75319267 key2hash_for.cond.15
626 992 6333941 62271938 68605879 lookup_while.cond.8
126 994 1342 29665 31007 cmd_ln_parse_for.cond.20
638 1000 56794698 0 56794698 keycmp_case_for.cond
122 1028 2215 38802 41017 cmd_ln_parse_for.cond.68
118 1030 1967 0 1967 cmd_ln_parse_for.cond.99
1038 1084 675055 3847025 4522080 logs3_init_for.cond
1034 1086 821801 3847025 4668826 logs3_init_for.cond.30
1086 1114 580 9823 10403 mdef_init_do.body
1082 1116 979 483390 484369 mdef_init_for.cond
614 1122 32502163 0 32502163 key2hash_for.cond
1118 1126 7392 133499 140891 parse_base_line_for.cond
1130 1132 24840648 398716558 423557206 parse_tmat_senmap_for.cond
622 1134 12761976 57632426 70394402 lookup_while.cond
634 1138 47201018 0 47201018 keycmp_nocase_for.cond
1078 1140 3604527 1478785520 1482390047 mdef_init_for.cond.137
1106 1146 17448326 0 17448326 find_ph_lc_for.cond
1110 1150 42391718 0 42391718 find_ph_rc_for.cond
1074 1152 79882 0 79882 mdef_init_for.cond.176
1070 1154 3034 0 3034 mdef_init_for.cond.185
1066 1156 16687511 0 16687511 mdef_init_for.cond.203
1062 1158 210323 0 210323 mdef_init_for.cond.254
1058 1160 102013 0 102013 mdef_init_for.cond.292
1054 1162 1396 0 1396 mdef_init_for.cond.338
1126 1168 4674203 157586877 162261080 sseq_compress_for.cond
630 1174 30212246 0 30212246 makekey_for.cond
602 1176 8326083 4023559 12349642 hash_tolist
110 1182 528180320 0 528180320 __mymalloc___for.cond
106 1184 782631 0 782631 __mymalloc___for.cond.42
1122 1186 685435 490410 1175845 sseq_compress_for.cond.16
562 1192 192148392 674630706 866779098 glist_free
114 1196 527546165 0 527546165 __myfree___for.cond
606 1200 5152310 305432 5457742 hash_free
282 1204 2361 29205 31566 dict_init_while.cond
278 1206 74 1011 1085 dict_init_while.cond.16
298 1208 22107 599036 621143 dict_read
1250 1212 158416 15914 174330 str2words_for.cond
274 1226 1102 0 1102 dict_word2basestr_for.cond
954 1254 539 7550 8089 lm_read_dump_for.cond
930 1270 11639 0 11639 lm_read_dump_for.cond.635
926 1272 8159 35176 43335 lm_read_dump_for.cond.658
998 1276 3436 2782 6218 lm2logs3_for.cond
1002 1280 4291 6586 10877 lm_uw
994 1284 50 26 76 lm2logs3_for.cond.16
874 1288 3757 0 3757 lm_set_param_for.cond
870 1290 58 0 58 lm_set_param_for.cond.27
894 1292 1508 0 1508 lm_read_for.cond
890 1294 1300048 0 1300048 lm_read_for.cond.17
518 1298 105 1053 1158 fillpen_init_for.cond
1630 1302 2273 0 2273 wid_dict_lm_map_for.cond
1626 1304 11001 72185 83186 wid_dict_lm_map_for.cond.8
54 1316 836 20195 21031 bio_readhdr_for.cond.outer
246 1320 220 176 396 mgau_file_read_for.cond
50 1322 252 2650 2902 bio_hdrarg_free
78 1328 77783856 0 77783856 chksum_accum_for.cond.17
242 1330 70 0 70 mgau_file_read_for.cond.74
230 1332 1505299 0 1505299 mgau_file_read_for.cond.110
238 1338 1529877 0 1529877 mgau_file_read_for.cond.168
234 1340 135183 0 135183 mgau_file_read_for.cond.210
258 1344 114 88 202 mgau_mixw_read_for.cond
254 1346 227353 0 227353 mgau_mixw_read_for.cond.59
250 1348 1861313 14962156 16823469 mgau_mixw_read_for.cond.86
1454 1352 1564365 0 1564365 vector_is_zero_for.cond
1446 1354 1285407 0 1285407 vector_nz_floor
1438 1358 964383 0 964383 vector_sum_norm_for.cond
1434 1360 920148 0 920148 vector_sum_norm_for.cond.3
262 1364 2561953 2573352 5135305 mgau_uninit_compact_for.cond
266 1366 60998677 3668 61002345 mgau_var_floor
270 1368 102020521 310825341 412845862 mgau_precomp
102 1378 137331 0 137331 __ckd_calloc_3d___for.cond
98 1380 1497657 0 1497657 __ckd_calloc_3d___for.cond.11
1266 1382 1771 757055 758826 subvq_init_for.cond.62
1262 1386 1314 34394 35708 subvq_init_for.cond.133
1258 1394 14985551 687119056 702104607 subvq_init_for.cond.163
1330 1404 132 35734735 35734867 subvq_maha_precomp
1526 1406 208944 2899968 3108912 vector_gautbl_var_floor
1442 1408 2899968 0 2899968 vector_floor
1530 1410 258093 32360195 32618288 vector_gautbl_maha_precomp
1498 1412 5173248 27186947 32360195 vector_maha_precomp
1334 1416 1827663 0 1827663 subvq_map_compact_for.cond
1338 1418 5563843 0 5563843 subvq_map_linearize
1254 1420 76 0 76 subvq_init_for.cond.310
1358 1424 108 88 196 tmat_init_for.cond
1354 1426 27740 116248 143988 tmat_init_for.cond.71
1346 1430 6446 0 6446 tmat_chk_uppertri_for.cond
342 1434 3072 0 3072 dict2pid_build_for.cond
338 1436 2521550 0 2521550 dict2pid_build_for.cond.37
334 1438 172751 84136460 84309211 dict2pid_build_for.cond.83
398 1442 608614 41420698 42029312 single_comsseq_for.cond
526 1448 32024190 0 32024190 glist_chkdup_int32_for.cond
570 1454 183679 0 183679 glist_count
390 1456 35690 275866 311556 ssidlist2comsseq_for.cond
386 1458 12694200 0 12694200 ssidlist2comsseq_for.cond.13
382 1460 285939 3489244 3775183 ssidlist2comsseq_for.cond.68
402 1464 614224 13624708 14238932 single_lc_comsseq_for.cond
378 1468 157985 2914916 3072901 ldiph_comsseq_for.cond
394 1474 144666 3032175 3176841 rdiph_comsseq_for.cond
330 1476 182770 0 182770 dict2pid_build_for.cond.244
326 1478 19220 0 19220 dict2pid_build_for.cond.268
322 1480 291618 88624 380242 dict2pid_build_for.cond.283
318 1482 4868 0 4868 dict2pid_build_for.cond.328
314 1484 156872 148246 305118 dict2pid_build_for.cond.344
1350 1488 4286 0 4286 tmat_chk_1skip_for.cond
722 1490 25 0 25 kb_init_for.cond.164
718 1492 25 0 25 kb_init_for.cond.178
710 1494 5825 0 5825 kb_init_for.cond.215
706 1496 1610 0 1610 kb_init_for.cond.251
906 1498 4776 0 4776 lm_ug_wordprob
1634 1500 3715 0 3715 wid_wordprob2alt
698 1502 82 45859644 45859726 kb_init_for.cond.405
778 1506 4112598 44961212 49073810 lextree_build_for.cond
774 1508 708 0 708 lextree_build_for.cond.14
770 1510 1356 0 1356 lextree_build_for.cond.30
766 1512 2057742 3367560 5425302 lextree_build_for.cond.47
662 1516 3213145398 0 3213145398 hmm_clear
522 1520 29790 0 29790 glist_chkdup_ptr_for.cond
762 1522 2937588 19779186 22716774 lextree_build_for.cond.502
690 1524 95 129 224 kb_init_for.cond.427
686 1528 84 40112890 40112974 kb_init_for.cond.449
674 1534 1745 0 1745 kb_init_for.cond.550
482 1538 70 0 70 feat_stream_len_sum
426 1540 762830 0 762830 feat_array_alloc_for.cond
1174 1552 13137 52476 65613 fe_create_hamming_for.cond
1158 1570 28103772 0 28103772 fe_create_2d_for.cond
1154 1574 899 13908 14807 fe_build_melfilters_for.cond.50
1146 1590 10901 0 10901 fe_build_melfilters_for.cond.66
1162 1594 13312 75086 88398 fe_compute_melcosine_for.cond
6 1598 29534 2918305 2947839 main_while.cond.29
2 1608 4076083 10293017178786 10293021254869 main_for.cond
818 1624 472465539 0 472465539 lextree_enter_for.cond
814 1626 6135548196 0 6135548196 lextree_enter_for.cond.22
750 1628 81461718 68929146 150390864 kb_lextree_active_swap
1138 1634 22907808 0 22907808 fe_process_utt_for.cond
1166 1636 5051367216 0 5051367216 fe_pre_emphasis
1134 1638 8235057024 188318614998 196553672022 fe_process_utt_for.cond.65
1178 1642 6752966592 0 6752966592 fe_hamming_window_for.cond
1190 1648 6066572544 0 6066572544 fe_spec_magnitude_for.cond
1186 1650 4762629360 0 4762629360 fe_spec_magnitude_for.cond.16
1226 1654 247636176 0 247636176 fe_fft_for.cond
1222 1656 7109521584 0 7109521584 fe_fft_for.cond.19
1218 1658 5014375684 31625503987 36639879671 fe_fft_for.cond.39
1214 1666 82725895824 0 82725895824 fe_fft_for.cond.64
1182 1668 5054449584 0 5054449584 fe_spec_magnitude_for.cond.63
1202 1670 8024028624 0 8024028624 fe_mel_spec
1210 1674 1206327264 6267237000 7473564264 fe_mel_cep_for.cond
1206 1676 20157173712 0 20157173712 fe_mel_cep_for.cond.10
206 1684 393439104 0 393439104 cmn_prior_for.cond
478 1686 117 58 175 feat_s2mfc2feat_block_for.cond
474 1688 40365696 19398788 59764484 feat_s2mfc2feat_block_for.cond.41
462 1690 61142676 714762628 775905304 feat_s2mfc2feat_block_for.cond.117
434 1694 256574955 0 256574955 feat_1s_c_d_dd_cep2feat_for.cond
430 1696 353180100 0 353180100 feat_1s_c_d_dd_cep2feat_for.cond.42
1430 1700 1958496 0 1958496 utt_decode_block_for.cond
1426 1704 314667318 87570136905 87884804223 utt_decode_block_for.cond.9
38 1706 3014496030 1065300102818 1068314598848 approx_cont_mgau_ci_eval
226 1710 1023304021740 35115301718 1058419323458 mgau_eval_for.cond
1422 1714 5102317709 9994174682806 9999277000515 utt_decode_block_for.cond.51
798 1716 6887686160 0 6887686160 lextree_ssid_active
1090 1718 516407652895 0 516407652895 mdef_sseq2sen_active
350 1720 19288182168 0 19288182168 dict2pid_comsseq2sen_active
1298 1724 1048113885 4027350075840 4028398189725 subvq_gautbl_eval_logs3
1538 1728 4027219191450 0 4027219191450 vector_gautbl_eval_logs3_for.cond
46 1732 556897085069 3268467118529 3825364203598 approx_cont_mgau_frame_eval_for.cond
1282 1738 306686887420 0 306686887420 subvq_mgau_shortlist_for.cond
1274 1740 157516798606 0 157516798606 subvq_mgau_shortlist_for.cond.91
218 1742 2589561349058 71335201133 2660896550191 mgau_eval_for.cond.122
42 1744 101077606593 0 101077606593 approx_cont_mgau_frame_eval_for.cond.141
346 1746 330528315559 0 330528315559 dict2pid_comsenscr
826 1750 16896804224 94511711130 111408515354 lextree_hmm_eval_for.cond.29
842 1758 25052379735 14168037057 39220416792 lextree_hmm_propagate_for.cond
1554 1764 243881723 1524729457 1768611180 vithist_prune_for.cond
1550 1766 477470912 1073200858 1550671770 vithist_prune_while.cond.outer
1614 1774 402131522 31374062 433505584 vithist_frame_gc_for.cond
1610 1776 12465180 0 12465180 vithist_frame_gc_for.cond.29
1618 1782 188825724 1798024889 1986850613 vithist_lmstate_reset
1546 1786 1395026386 7942375720 9337402106 vithist_rescore_for.cond
966 1796 82202656 0 82202656 find_bg_while.cond.outer
962 1798 94719207 0 94719207 find_bg_for.cond
1622 1806 1043068461 0 1043068461 vh_lmstate_find_for.cond
1402 1814 739628700 0 739628700 utt_word_trans_for.cond
1398 1816 232176045 47148542 279324587 utt_word_trans_for.cond.17
1394 1820 814796689 6658558211 7473354900 utt_word_trans_for.cond.61
1574 1826 5342771 0 5342771 vithist_partialutt_end_for.cond
1570 1828 15393287 36227608 51620895 vithist_partialutt_end_for.cond.15
1582 1830 13457223 89555615 103012838 vithist_backtrace
26 1832 15435998 51883508 67319506 live_get_partialhyp_for.cond
22 1840 3463512 12953158 16416670 live_get_partialhyp_for.cond.52
1142 1844 1162512 0 1162512 fe_end_utt_for.cond
194 1846 1229904 0 1229904 cmn_prior_for.cond.70
466 1848 763776 319690 1083466 feat_s2mfc2feat_block_for.cond.66
1566 1852 748852 0 748852 vithist_utt_end_for.cond
1562 1854 2754703 4832020 7586723 vithist_utt_end_for.cond.10
1390 1860 2075581 100560369 102635950 utt_end_for.cond
1386 1862 1314285 1672402 2986687 utt_end_for.cond.62
1366 1874 618703 0 618703 matchseg_write_for.cond
1362 1876 716790 35398958 36115748 matchseg_write_for.cond.7
1382 1878 134784 0 134784 utt_end_for.cond.197
1378 1880 303264 5695584 5998848 utt_end_for.cond.208
1374 1884 454896 166647572 167102468 utt_end_for.cond.239
802 1886 37316266 129331306 166647572 lextree_utt_end
1578 1888 235872 5484601 5720473 vithist_utt_reset
902 1894 16977168 0 16977168 lm_cache_reset_for.cond
754 1896 634122 2600545 3234667 kb_freehyps_for.cond
202 1898 729927 0 729927 cmn_prior_for.cond.38
198 1900 643269 0 643269 cmn_prior_for.cond.53
