2 764 1566916 60534 1627450 spec_init_for.cond
18 806 158 1156 1314 spec_load_for.cond
14 824 539 5632223 5632762 spec_load_while.cond
26 838 551371 0 551371 main_for.cond
22 842 1930042 885091774087 885093704129 main_for.cond.39
206 858 405405 0 405405 prepare_new_block
178 876 588613 0 588613 BZ2_bzCompress_preswitch
210 880 1626499 747848615652 747850242151 handle_compress_while.body.outer
238 884 6026575567 53216484 6079792051 copy_input_until_stop_while.body
246 888 30952728 0 30952728 add_pair_to_block_for.cond
114 896 103090988 0 103090988 mainSort_for.cond
110 898 1507595914 0 1507595914 mainSort_for.cond.3
106 900 5835 0 5835 mainSort_for.cond.61
102 902 98813 0 98813 mainSort_for.cond.80
98 904 149947655 0 149947655 mainSort_for.cond.99
94 906 2143611756 0 2143611756 mainSort_for.cond.117
90 908 6404 0 6404 mainSort_for.cond.190
86 910 513942 0 513942 mainSort_for.cond.212
74 916 33942693 257992443258 258026385951 mainSort_for.cond.277
118 920 4944495 257985160652 257990105147 mainQSort3_while.cond
126 924 1340240 0 1340240 mainSimpleSort_while.cond
122 926 28487562 257953399191 257981886753 mainSimpleSort_for.cond
70 936 402712 0 402712 fallbackSort_for.cond
66 938 1594861498 0 1594861498 fallbackSort_for.cond.2
62 940 510348 0 510348 fallbackSort_for.cond.13
58 942 582910 0 582910 fallbackSort_for.cond.23
54 944 1970122768 0 1970122768 fallbackSort_for.cond.33
50 946 35185010 0 35185010 fallbackSort_for.cond.49
46 948 837516 0 837516 fallbackSort_for.cond.58
42 950 201356 0 201356 fallbackSort_for.cond.71
134 954 67482329999 64669972386 132152302385 fallbackQSort3
138 958 45934531393 0 45934531393 fallbackSimpleSort_for.cond.29
142 960 1806687550 0 1806687550 fallbackSimpleSort_for.cond
34 962 3190084670 0 3190084670 fallbackSort_for.cond.274
30 964 609766564 0 609766564 BZ2_blockSort_for.cond
250 970 3018189020 0 3018189020 bsW
322 976 807092 0 807092 makeMaps_e
266 978 444301 0 444301 generateMTFValues_for.cond
262 980 477477 0 477477 generateMTFValues_for.cond.4
258 982 87464480429 0 87464480429 generateMTFValues_for.cond.13
254 984 4898 0 4898 generateMTFValues_while.body.90
314 988 3778346 0 3778346 sendMTFValues_for.cond
310 990 8131750 0 8131750 sendMTFValues_while.cond
306 992 14184994440 848188604 15033183044 sendMTFValues_for.cond.100
578 996 22673424 0 22673424 BZ2_hbMakeCodeLengths_for.cond
574 998 825439676 0 825439676 BZ2_hbMakeCodeLengths_while.body
302 1000 12727 0 12727 sendMTFValues_for.cond.1716
298 1002 83658921 0 83658921 sendMTFValues_for.cond.1726
294 1004 10922639 38777558 49700197 sendMTFValues_for.cond.1754
582 1006 38777558 0 38777558 BZ2_hbAssignCodes
290 1008 774774 0 774774 sendMTFValues_for.cond.1816
286 1010 42900 68912 111812 sendMTFValues_for.cond.1840
282 1012 818532 970112 1788644 sendMTFValues_for.cond.1853
278 1014 59469821 75655224 135125045 sendMTFValues_for.cond.1890
274 1016 11794711 7131964 18926675 sendMTFValues_for.cond.1917
270 1018 1267232669 2934278272 4201510941 sendMTFValues_while.body.1971
234 1022 2135043984 0 2135043984 copy_output_until_stop_while.body
242 1030 75 0 75 copy_input_until_stop_while.body.60
318 1034 147 0 147 bsFinishWrite
154 1058 585444 137183404763 137183990207 uncompressStream_while.body
198 1062 33 0 33 BZ2_bzReadOpen_while.cond
186 1074 855388 137141080924 137141936312 BZ2_bzDecompress_while.body
566 1078 135 0 135 BZ2_decompress_while.body
562 1080 135 0 135 BZ2_decompress_while.body.64
558 1082 135 0 135 BZ2_decompress_while.body.120
554 1084 135 0 135 BZ2_decompress_while.body.176
550 1086 6570 0 6570 BZ2_decompress_while.body.274
546 1088 6435 0 6435 BZ2_decompress_while.body.335
542 1090 6435 0 6435 BZ2_decompress_while.body.391
538 1092 6435 0 6435 BZ2_decompress_while.body.447
534 1094 6435 0 6435 BZ2_decompress_while.body.503
530 1096 6435 0 6435 BZ2_decompress_while.body.559
526 1098 6435 0 6435 BZ2_decompress_while.body.622
522 1100 6435 0 6435 BZ2_decompress_while.body.678
518 1102 6435 0 6435 BZ2_decompress_while.body.734
514 1104 6435 0 6435 BZ2_decompress_while.body.790
510 1106 2060 0 2060 BZ2_decompress_while.body.846
506 1108 6435 0 6435 BZ2_decompress_while.body.897
502 1110 6435 0 6435 BZ2_decompress_while.body.953
498 1112 6435 0 6435 BZ2_decompress_while.body.1009
362 1114 32890 0 32890 BZ2_decompress_while.body.1080
494 1116 403975 0 403975 BZ2_decompress_for.cond.1139
366 1118 526256 0 526256 BZ2_decompress_while.body.1163
570 1120 770484 0 770484 makeMaps_d
490 1122 3495 0 3495 BZ2_decompress_while.body.1237
486 1124 10740 0 10740 BZ2_decompress_while.body.1294
482 1128 13871 0 13871 BZ2_decompress_for.cond.1422
478 1130 68845280 0 68845280 BZ2_decompress_for.cond.1432
382 1132 27935 0 27935 BZ2_decompress_while.body.1466
378 1134 3792237 0 3792237 BZ2_decompress_while.body.1531
374 1136 613319 0 613319 BZ2_decompress_while.body.1589
474 1138 10931791 43873321 54805112 BZ2_decompress_for.cond.1659
610 1142 38768629 0 38768629 BZ2_hbCreateDecodeTables_for.cond
606 1144 224796 0 224796 BZ2_hbCreateDecodeTables_for.cond.12
602 1146 3994848 0 3994848 BZ2_hbCreateDecodeTables_for.cond.21
598 1148 309738 0 309738 BZ2_hbCreateDecodeTables_for.cond.34
594 1150 224796 0 224796 BZ2_hbCreateDecodeTables_for.cond.46
590 1152 184455 0 184455 BZ2_hbCreateDecodeTables_for.cond.55
586 1154 125733 0 125733 BZ2_hbCreateDecodeTables_for.cond.73
470 1156 404547 0 404547 BZ2_decompress_for.cond.1724
466 1158 798083 0 798083 BZ2_decompress_for.cond.1736
462 1160 2508 0 2508 BZ2_decompress_while.body.1791
458 1162 12420 0 12420 BZ2_decompress_while.body.1858
442 1164 294912460 0 294912460 BZ2_decompress_while.cond.2199
438 1166 165319660 0 165319660 BZ2_decompress_while.cond.2238
434 1168 733355904 0 733355904 BZ2_decompress_while.body.2412
426 1170 675877218 0 675877218 BZ2_decompress_while.body.1986
422 1172 3986320189 0 3986320189 BZ2_decompress_while.body.2053
418 1174 2197841248 0 2197841248 BZ2_decompress_while.cond.2158
454 1176 5328454374 0 5328454374 BZ2_decompress_while.cond.2264
450 1178 6566776512 0 6566776512 BZ2_decompress_while.cond.2284
430 1180 598215381 0 598215381 BZ2_decompress_while.body.2479
446 1182 57505734 0 57505734 BZ2_decompress_for.cond.2322
410 1184 550407 0 550407 BZ2_decompress_for.cond.2560
406 1186 587015 0 587015 BZ2_decompress_for.cond.2574
402 1188 700700 0 700700 BZ2_decompress_for.cond.2589
398 1190 2638293465 0 2638293465 BZ2_decompress_for.cond.2850
226 1194 9253927026 0 9253927026 unRLE_obuf_to_output_FAST_while.body.289
358 1196 135 0 135 BZ2_decompress_while.body.2945
354 1198 135 0 135 BZ2_decompress_while.body.3003
350 1200 135 0 135 BZ2_decompress_while.body.3061
346 1202 135 0 135 BZ2_decompress_while.body.3119
342 1204 135 0 135 BZ2_decompress_while.body.3177
338 1206 135 0 135 BZ2_decompress_while.body.3235
334 1208 135 0 135 BZ2_decompress_while.body.3293
330 1210 135 0 135 BZ2_decompress_while.body.3351
326 1212 135 0 135 BZ2_decompress_while.body.3409
