2 764 1566916 60534 1627450 spec_init_for.cond
18 806 238 1170 1408 spec_load_for.cond
14 824 464 5564616 5565080 spec_load_while.cond
26 838 551371 0 551371 main_for.cond
22 842 1930042 555006185770 555008115812 main_for.cond.39
206 858 405405 0 405405 prepare_new_block
178 876 725919 0 725919 BZ2_bzCompress_preswitch
210 880 1929483 406070926961 406072856444 handle_compress_while.body.outer
238 884 6028321495 49475538 6077797033 copy_input_until_stop_while.body
246 888 28067724 0 28067724 add_pair_to_block_for.cond
114 896 103090988 0 103090988 mainSort_for.cond
110 898 1508818954 0 1508818954 mainSort_for.cond.3
106 900 5919 0 5919 mainSort_for.cond.61
102 902 98813 0 98813 mainSort_for.cond.80
98 904 149947655 0 149947655 mainSort_for.cond.99
94 906 2145350766 0 2145350766 mainSort_for.cond.117
90 908 6497 0 6497 mainSort_for.cond.190
86 910 513942 0 513942 mainSort_for.cond.212
74 916 4814660858 100958550633 105773211491 mainSort_for.cond.277
118 920 634424381 100129866513 100764290894 mainQSort3_while.cond
126 924 127747810 0 127747810 mainSimpleSort_while.cond
122 926 3814002498 96008374603 99822377101 mainSimpleSort_for.cond
30 934 689448138 0 689448138 BZ2_blockSort_for.cond
250 940 4153341432 0 4153341432 bsW
322 946 807092 0 807092 makeMaps_e
266 948 444301 0 444301 generateMTFValues_for.cond
262 950 477477 0 477477 generateMTFValues_for.cond.4
258 952 168428219739 0 168428219739 generateMTFValues_for.cond.13
314 956 3778346 0 3778346 sendMTFValues_for.cond
310 958 8133554 0 8133554 sendMTFValues_while.cond
306 960 17047229785 869182686 17916412471 sendMTFValues_for.cond.100
578 964 23939376 0 23939376 BZ2_hbMakeCodeLengths_for.cond
574 966 845167806 0 845167806 BZ2_hbMakeCodeLengths_while.body
302 968 12727 0 12727 sendMTFValues_for.cond.1716
298 970 146917073 0 146917073 sendMTFValues_for.cond.1726
294 972 10920728 43032998 53953726 sendMTFValues_for.cond.1754
582 974 43032998 0 43032998 BZ2_hbAssignCodes
290 976 774774 0 774774 sendMTFValues_for.cond.1816
286 978 42900 68872 111772 sendMTFValues_for.cond.1840
282 980 818532 970112 1788644 sendMTFValues_for.cond.1853
278 982 110882994 152348336 263231330 sendMTFValues_for.cond.1890
274 984 11704695 7009392 18714087 sendMTFValues_for.cond.1917
270 986 1523710464 3992860344 5516570808 sendMTFValues_while.body.1971
234 990 3507742510 0 3507742510 copy_output_until_stop_while.body
242 998 75 0 75 copy_input_until_stop_while.body.60
318 1002 127 0 127 bsFinishWrite
154 1026 585444 148862198520 148862783964 uncompressStream_while.body
198 1030 33 0 33 BZ2_bzReadOpen_while.cond
186 1042 1047524 148808934634 148809982158 BZ2_bzDecompress_while.body
566 1046 135 0 135 BZ2_decompress_while.body
562 1048 135 0 135 BZ2_decompress_while.body.64
558 1050 135 0 135 BZ2_decompress_while.body.120
554 1052 135 0 135 BZ2_decompress_while.body.176
550 1054 6570 0 6570 BZ2_decompress_while.body.274
546 1056 6435 0 6435 BZ2_decompress_while.body.335
542 1058 6435 0 6435 BZ2_decompress_while.body.391
538 1060 6435 0 6435 BZ2_decompress_while.body.447
534 1062 6435 0 6435 BZ2_decompress_while.body.503
530 1064 6435 0 6435 BZ2_decompress_while.body.559
526 1066 6451 0 6451 BZ2_decompress_while.body.622
522 1068 6435 0 6435 BZ2_decompress_while.body.678
518 1070 6435 0 6435 BZ2_decompress_while.body.734
514 1072 6435 0 6435 BZ2_decompress_while.body.790
510 1074 2060 0 2060 BZ2_decompress_while.body.846
506 1076 6435 0 6435 BZ2_decompress_while.body.897
502 1078 6435 0 6435 BZ2_decompress_while.body.953
498 1080 6435 0 6435 BZ2_decompress_while.body.1009
362 1082 32906 0 32906 BZ2_decompress_while.body.1080
494 1084 403975 0 403975 BZ2_decompress_for.cond.1139
366 1086 526240 0 526240 BZ2_decompress_while.body.1163
570 1088 770484 0 770484 makeMaps_d
490 1090 3180 0 3180 BZ2_decompress_while.body.1237
486 1092 10845 0 10845 BZ2_decompress_while.body.1294
482 1096 13871 0 13871 BZ2_decompress_for.cond.1422
478 1098 122156109 0 122156109 BZ2_decompress_for.cond.1432
382 1100 27130 0 27130 BZ2_decompress_while.body.1466
378 1102 3736780 0 3736780 BZ2_decompress_while.body.1531
374 1104 547922 0 547922 BZ2_decompress_while.body.1589
474 1106 10929880 48162319 59092199 BZ2_decompress_for.cond.1659
610 1110 43023355 0 43023355 BZ2_hbCreateDecodeTables_for.cond
606 1112 224796 0 224796 BZ2_hbCreateDecodeTables_for.cond.12
602 1114 3994848 0 3994848 BZ2_hbCreateDecodeTables_for.cond.21
598 1116 309738 0 309738 BZ2_hbCreateDecodeTables_for.cond.34
594 1118 224796 0 224796 BZ2_hbCreateDecodeTables_for.cond.46
590 1120 203733 0 203733 BZ2_hbCreateDecodeTables_for.cond.55
586 1122 140727 0 140727 BZ2_hbCreateDecodeTables_for.cond.73
470 1124 404547 0 404547 BZ2_decompress_for.cond.1724
466 1126 798083 0 798083 BZ2_decompress_for.cond.1736
462 1128 4560 0 4560 BZ2_decompress_while.body.1791
442 1130 590745003 0 590745003 BZ2_decompress_while.cond.2199
438 1132 330381899 0 330381899 BZ2_decompress_while.cond.2238
434 1134 2665956102 0 2665956102 BZ2_decompress_while.body.2412
426 1136 265841082 0 265841082 BZ2_decompress_while.body.1986
418 1138 575514437 0 575514437 BZ2_decompress_while.cond.2158
430 1140 3298926396 0 3298926396 BZ2_decompress_while.body.2479
454 1142 10802290698 0 10802290698 BZ2_decompress_while.cond.2264
450 1144 13120929984 0 13120929984 BZ2_decompress_while.cond.2284
422 1146 932547173 0 932547173 BZ2_decompress_while.body.2053
446 1148 117832527 0 117832527 BZ2_decompress_for.cond.2322
410 1150 550407 0 550407 BZ2_decompress_for.cond.2560
406 1152 587015 0 587015 BZ2_decompress_for.cond.2574
402 1154 700700 0 700700 BZ2_decompress_for.cond.2589
398 1156 2640433869 0 2640433869 BZ2_decompress_for.cond.2850
226 1160 9259661100 0 9259661100 unRLE_obuf_to_output_FAST_while.body.289
458 1162 4560 0 4560 BZ2_decompress_while.body.1858
358 1164 135 0 135 BZ2_decompress_while.body.2945
354 1166 135 0 135 BZ2_decompress_while.body.3003
350 1168 135 0 135 BZ2_decompress_while.body.3061
346 1170 135 0 135 BZ2_decompress_while.body.3119
342 1172 135 0 135 BZ2_decompress_while.body.3177
338 1174 135 0 135 BZ2_decompress_while.body.3235
334 1176 135 0 135 BZ2_decompress_while.body.3293
330 1178 135 0 135 BZ2_decompress_while.body.3351
326 1180 135 0 135 BZ2_decompress_while.body.3409
254 1188 684 0 684 generateMTFValues_while.body.90
70 1192 96424 0 96424 fallbackSort_for.cond
66 1194 520189426 0 520189426 fallbackSort_for.cond.2
62 1196 122196 0 122196 fallbackSort_for.cond.13
58 1198 139570 0 139570 fallbackSort_for.cond.23
54 1200 642586876 0 642586876 fallbackSort_for.cond.33
50 1202 11475782 0 11475782 fallbackSort_for.cond.49
46 1204 200532 0 200532 fallbackSort_for.cond.58
42 1206 48212 0 48212 fallbackSort_for.cond.71
134 1210 19018746100 12583575482 31602321582 fallbackQSort3
138 1214 8257630448 0 8257630448 fallbackSimpleSort_for.cond.29
142 1216 599216237 0 599216237 fallbackSimpleSort_for.cond
34 1218 1040465450 0 1040465450 fallbackSort_for.cond.274
