2 764 14622916 60534 14683450 spec_init_for.cond
18 806 2518 1569 4087 spec_load_for.cond
14 824 464 51312162 51312626 spec_load_while.cond
26 832 5145907 0 5145907 main_for.cond
22 836 18010918 1773806679679 1773824690597 main_for.cond.39
206 858 3566430 0 3566430 prepare_new_block
178 876 4732170 0 4732170 BZ2_bzCompress_preswitch
210 880 13488480 1097147568294 1097161056774 handle_compress_while.body.outer
238 884 54023098853 7655046381 61678145234 copy_input_until_stop_while.body
246 888 4786892532 0 4786892532 add_pair_to_block_for.cond
114 896 906912328 0 906912328 mainSort_for.cond
110 898 13275859356 0 13275859356 mainSort_for.cond.3
106 900 54770 0 54770 mainSort_for.cond.61
102 902 869278 0 869278 mainSort_for.cond.80
98 904 1319119930 0 1319119930 mainSort_for.cond.99
94 906 18876602104 0 18876602104 mainSort_for.cond.117
90 908 60144 0 60144 mainSort_for.cond.190
86 910 4521252 0 4521252 mainSort_for.cond.212
74 916 57246584209 421700000984 478946585193 mainSort_for.cond.277
118 920 105876453333 314883830033 420760283366 mainQSort3_while.cond
126 924 1345495900 0 1345495900 mainSimpleSort_while.cond
122 926 42266042208 268097402499 310363444707 mainSimpleSort_for.cond
30 934 5997084804 0 5997084804 BZ2_blockSort_for.cond
250 940 17861265088 0 17861265088 bsW
322 946 7099704 0 7099704 makeMaps_e
266 948 3907934 0 3907934 generateMTFValues_for.cond
262 950 4199734 0 4199734 generateMTFValues_for.cond.4
258 952 383085072080 0 383085072080 generateMTFValues_for.cond.13
314 956 33233164 0 33233164 sendMTFValues_for.cond
310 958 71538307 0 71538307 sendMTFValues_while.cond
306 960 85512185483 7936575617 93448761100 sendMTFValues_for.cond.100
578 964 209676519 0 209676519 BZ2_hbMakeCodeLengths_for.cond
574 966 7726234874 0 7726234874 BZ2_hbMakeCodeLengths_while.body
302 968 111962 0 111962 sendMTFValues_for.cond.1716
298 970 477110148 0 477110148 sendMTFValues_for.cond.1726
294 972 96409068 576120032 672529100 sendMTFValues_for.cond.1754
582 974 576120032 0 576120032 BZ2_hbAssignCodes
290 976 6815676 0 6815676 sendMTFValues_for.cond.1816
286 978 377400 605712 983112 sendMTFValues_for.cond.1840
282 980 7200792 8534272 15735064 sendMTFValues_for.cond.1853
278 982 335417050 420157348 755574398 sendMTFValues_for.cond.1890
274 984 115988416 79223744 195212160 sendMTFValues_for.cond.1917
270 986 7634532105 17352008516 24986540621 sendMTFValues_while.body.1971
234 990 12215741205 0 12215741205 copy_output_until_stop_while.body
254 994 8741 0 8741 generateMTFValues_while.body.90
242 1000 75 0 75 copy_input_until_stop_while.body.60
318 1004 147 0 147 bsFinishWrite
154 1028 5461341 676176231167 676181692508 uncompressStream_while.body
198 1032 33 0 33 BZ2_bzReadOpen_while.cond
186 1044 6899218 675842450910 675849350128 BZ2_bzDecompress_while.body
566 1048 135 0 135 BZ2_decompress_while.body
562 1050 135 0 135 BZ2_decompress_while.body.64
558 1052 135 0 135 BZ2_decompress_while.body.120
554 1054 135 0 135 BZ2_decompress_while.body.176
550 1056 56745 0 56745 BZ2_decompress_while.body.274
546 1058 56610 0 56610 BZ2_decompress_while.body.335
542 1060 56610 0 56610 BZ2_decompress_while.body.391
538 1062 56610 0 56610 BZ2_decompress_while.body.447
534 1064 56610 0 56610 BZ2_decompress_while.body.503
530 1066 56642 0 56642 BZ2_decompress_while.body.559
526 1068 56610 0 56610 BZ2_decompress_while.body.622
522 1070 56610 0 56610 BZ2_decompress_while.body.678
518 1072 56626 0 56626 BZ2_decompress_while.body.734
514 1074 56610 0 56610 BZ2_decompress_while.body.790
510 1076 18180 0 18180 BZ2_decompress_while.body.846
506 1078 56626 0 56626 BZ2_decompress_while.body.897
502 1080 56610 0 56610 BZ2_decompress_while.body.953
498 1082 56610 0 56610 BZ2_decompress_while.body.1009
362 1084 289340 0 289340 BZ2_decompress_while.body.1080
494 1086 3553850 0 3553850 BZ2_decompress_for.cond.1139
366 1088 4629536 0 4629536 BZ2_decompress_while.body.1163
570 1090 6777712 0 6777712 makeMaps_d
490 1092 29625 0 29625 BZ2_decompress_while.body.1237
486 1094 94690 0 94690 BZ2_decompress_while.body.1294
482 1098 122026 0 122026 BZ2_decompress_for.cond.1422
478 1100 391901440 0 391901440 BZ2_decompress_for.cond.1432
382 1102 239576 0 239576 BZ2_decompress_while.body.1466
378 1104 41540376 0 41540376 BZ2_decompress_while.body.1531
374 1106 13566906 0 13566906 BZ2_decompress_while.body.1589
474 1108 96489580 622796208 719285788 BZ2_decompress_for.cond.1659
610 1112 576002040 0 576002040 BZ2_hbCreateDecodeTables_for.cond
606 1114 1977576 0 1977576 BZ2_hbCreateDecodeTables_for.cond.12
602 1116 35137440 0 35137440 BZ2_hbCreateDecodeTables_for.cond.21
598 1118 2724828 0 2724828 BZ2_hbCreateDecodeTables_for.cond.34
594 1120 1977576 0 1977576 BZ2_hbCreateDecodeTables_for.cond.46
590 1122 2687616 0 2687616 BZ2_hbCreateDecodeTables_for.cond.55
586 1124 1934376 0 1934376 BZ2_hbCreateDecodeTables_for.cond.73
470 1126 3558882 0 3558882 BZ2_decompress_for.cond.1724
466 1128 7020898 0 7020898 BZ2_decompress_for.cond.1736
462 1130 25392 0 25392 BZ2_decompress_while.body.1791
458 1132 109060 0 109060 BZ2_decompress_while.body.1858
442 1134 6841772399 0 6841772399 BZ2_decompress_while.cond.2199
438 1136 6347697567 0 6347697567 BZ2_decompress_while.cond.2238
434 1138 8833615938 0 8833615938 BZ2_decompress_while.body.2412
430 1140 12750301840 0 12750301840 BZ2_decompress_while.body.2479
454 1142 28964256768 0 28964256768 BZ2_decompress_while.cond.2264
450 1144 25820081040 0 25820081040 BZ2_decompress_while.cond.2284
426 1146 2365960656 0 2365960656 BZ2_decompress_while.body.1986
422 1148 4341423222 0 4341423222 BZ2_decompress_while.body.2053
418 1150 12700083948 0 12700083948 BZ2_decompress_while.cond.2158
446 1152 303528888 0 303528888 BZ2_decompress_for.cond.2322
410 1154 4842042 0 4842042 BZ2_decompress_for.cond.2560
406 1156 5164090 0 5164090 BZ2_decompress_for.cond.2574
402 1158 6164200 0 6164200 BZ2_decompress_for.cond.2589
398 1160 23232762726 0 23232762726 BZ2_decompress_for.cond.2850
226 1164 83763900507 0 83763900507 unRLE_obuf_to_output_FAST_while.body.289
358 1166 135 0 135 BZ2_decompress_while.body.2945
354 1168 135 0 135 BZ2_decompress_while.body.3003
350 1170 135 0 135 BZ2_decompress_while.body.3061
346 1172 135 0 135 BZ2_decompress_while.body.3119
342 1174 135 0 135 BZ2_decompress_while.body.3177
338 1176 135 0 135 BZ2_decompress_while.body.3235
334 1178 135 0 135 BZ2_decompress_while.body.3293
330 1180 135 0 135 BZ2_decompress_while.body.3351
326 1182 135 0 135 BZ2_decompress_while.body.3409
