2 764 14622916 60534 14683450 spec_init_for.cond
18 806 15838 3900 19738 spec_load_for.cond
14 824 239 43458809 43459048 spec_load_while.cond
26 832 5145907 0 5145907 main_for.cond
22 836 18010918 1335758953862 1335776964780 main_for.cond.39
206 858 3424680 0 3424680 prepare_new_block
178 876 4154974 0 4154974 BZ2_bzCompress_preswitch
210 880 12215296 922540825599 922553040895 handle_compress_while.body.outer
238 884 54144634465 5645463051 59790097516 copy_input_until_stop_while.body
246 888 4005581562 0 4005581562 add_pair_to_block_for.cond
114 896 870866528 0 870866528 mainSort_for.cond
110 898 12744997136 0 12744997136 mainSort_for.cond.3
106 900 51488 0 51488 mainSort_for.cond.61
102 902 834728 0 834728 mainSort_for.cond.80
98 904 1266690680 0 1266690680 mainSort_for.cond.99
94 906 18121782799 0 18121782799 mainSort_for.cond.117
90 908 56530 0 56530 mainSort_for.cond.190
86 910 4341552 0 4341552 mainSort_for.cond.212
74 916 55376298166 589601585430 644977883596 mainSort_for.cond.277
118 920 143980221438 445485908164 589466129602 mainQSort3_while.cond
126 924 1195101930 0 1195101930 mainSimpleSort_while.cond
122 926 67157044358 373995348535 441152392893 mainSimpleSort_for.cond
30 934 5658069108 0 5658069108 BZ2_blockSort_for.cond
250 940 11753182912 0 11753182912 bsW
322 946 5670864 0 5670864 makeMaps_e
266 948 2032624 0 2032624 generateMTFValues_for.cond
262 950 2169494 0 2169494 generateMTFValues_for.cond.4
258 952 84471951654 0 84471951654 generateMTFValues_for.cond.13
314 956 17292404 0 17292404 sendMTFValues_for.cond
310 958 37437914 0 37437914 sendMTFValues_while.cond
306 960 61728227600 3920967154 65649194754 sendMTFValues_for.cond.100
578 964 106372491 0 106372491 BZ2_hbMakeCodeLengths_for.cond
574 966 3813956839 0 3813956839 BZ2_hbMakeCodeLengths_while.body
302 968 107512 0 107512 sendMTFValues_for.cond.1716
298 970 392687729 0 392687729 sendMTFValues_for.cond.1726
294 972 50509347 335056258 385565605 sendMTFValues_for.cond.1754
582 974 335056258 0 335056258 BZ2_hbAssignCodes
290 976 6114786 0 6114786 sendMTFValues_for.cond.1816
286 978 362400 581652 944052 sendMTFValues_for.cond.1840
282 980 5868785 6902296 12771081 sendMTFValues_for.cond.1853
278 982 283139060 367198056 650337116 sendMTFValues_for.cond.1890
274 984 60853420 41964076 102817496 sendMTFValues_for.cond.1917
270 986 5513828116 11335827576 16849655692 sendMTFValues_while.body.1971
234 990 6439227244 0 6439227244 copy_output_until_stop_while.body
254 994 172238 0 172238 generateMTFValues_while.body.90
70 998 5672 0 5672 fallbackSort_for.cond
66 1000 20399378 0 20399378 fallbackSort_for.cond.2
62 1002 7188 0 7188 fallbackSort_for.cond.13
58 1004 8210 0 8210 fallbackSort_for.cond.23
54 1006 25199228 0 25199228 fallbackSort_for.cond.33
50 1008 450046 0 450046 fallbackSort_for.cond.49
46 1010 11796 0 11796 fallbackSort_for.cond.58
42 1012 2836 0 2836 fallbackSort_for.cond.71
134 1016 965488960 520806308 1486295268 fallbackQSort3
142 1020 19351802 0 19351802 fallbackSimpleSort_for.cond
138 1022 346204109 0 346204109 fallbackSimpleSort_for.cond.29
34 1024 40803770 0 40803770 fallbackSort_for.cond.274
242 1030 75 0 75 copy_input_until_stop_while.body.60
318 1034 147 0 147 bsFinishWrite
154 1058 5461341 412791187981 412796649322 uncompressStream_while.body
198 1062 33 0 33 BZ2_bzReadOpen_while.cond
186 1074 6087323 412503448428 412509535751 BZ2_bzDecompress_while.body
566 1078 135 0 135 BZ2_decompress_while.body
562 1080 135 0 135 BZ2_decompress_while.body.64
558 1082 135 0 135 BZ2_decompress_while.body.120
554 1084 135 0 135 BZ2_decompress_while.body.176
550 1086 54495 0 54495 BZ2_decompress_while.body.274
546 1088 54360 0 54360 BZ2_decompress_while.body.335
542 1090 54360 0 54360 BZ2_decompress_while.body.391
538 1092 54360 0 54360 BZ2_decompress_while.body.447
534 1094 54376 0 54376 BZ2_decompress_while.body.503
530 1096 54360 0 54360 BZ2_decompress_while.body.559
526 1098 54376 0 54376 BZ2_decompress_while.body.622
522 1100 54360 0 54360 BZ2_decompress_while.body.678
518 1102 54360 0 54360 BZ2_decompress_while.body.734
514 1104 54360 0 54360 BZ2_decompress_while.body.790
510 1106 17330 0 17330 BZ2_decompress_while.body.846
506 1108 54360 0 54360 BZ2_decompress_while.body.897
502 1110 54360 0 54360 BZ2_decompress_while.body.953
498 1112 54360 0 54360 BZ2_decompress_while.body.1009
362 1114 277840 0 277840 BZ2_decompress_while.body.1080
494 1116 3412600 0 3412600 BZ2_decompress_for.cond.1139
366 1118 3744298 0 3744298 BZ2_decompress_while.body.1163
570 1120 5505002 0 5505002 makeMaps_d
490 1122 27935 0 27935 BZ2_decompress_while.body.1237
486 1124 91966 0 91966 BZ2_decompress_while.body.1294
482 1128 117176 0 117176 BZ2_decompress_for.cond.1422
478 1130 323933738 0 323933738 BZ2_decompress_for.cond.1432
382 1132 231450 0 231450 BZ2_decompress_while.body.1466
378 1134 21933386 0 21933386 BZ2_decompress_while.body.1531
374 1136 7395891 0 7395891 BZ2_decompress_while.body.1589
474 1138 50586659 364853593 415440252 BZ2_decompress_for.cond.1659
610 1142 334933249 0 334933249 BZ2_hbCreateDecodeTables_for.cond
606 1144 1898976 0 1898976 BZ2_hbCreateDecodeTables_for.cond.12
602 1146 18261000 0 18261000 BZ2_hbCreateDecodeTables_for.cond.21
598 1148 2616528 0 2616528 BZ2_hbCreateDecodeTables_for.cond.34
594 1150 1898976 0 1898976 BZ2_hbCreateDecodeTables_for.cond.46
590 1152 2842875 0 2842875 BZ2_hbCreateDecodeTables_for.cond.55
586 1154 2061333 0 2061333 BZ2_hbCreateDecodeTables_for.cond.73
470 1156 3417432 0 3417432 BZ2_decompress_for.cond.1724
466 1158 6741848 0 6741848 BZ2_decompress_for.cond.1736
462 1160 24630 0 24630 BZ2_decompress_while.body.1791
458 1162 152580 0 152580 BZ2_decompress_while.body.1858
454 1164 3761540940 0 3761540940 BZ2_decompress_while.cond.2264
450 1166 1724543384 0 1724543384 BZ2_decompress_while.cond.2284
434 1168 4930991706 0 4930991706 BZ2_decompress_while.body.2412
430 1170 4559470928 0 4559470928 BZ2_decompress_while.body.2479
426 1172 2562463962 0 2562463962 BZ2_decompress_while.body.1986
422 1174 2809405464 0 2809405464 BZ2_decompress_while.body.2053
418 1176 15214220278 0 15214220278 BZ2_decompress_while.cond.2158
442 1178 8541289579 0 8541289579 BZ2_decompress_while.cond.2199
438 1180 7401932987 0 7401932987 BZ2_decompress_while.cond.2238
446 1182 45465966 0 45465966 BZ2_decompress_for.cond.2322
410 1184 4649592 0 4649592 BZ2_decompress_for.cond.2560
406 1186 4958840 0 4958840 BZ2_decompress_for.cond.2574
402 1188 5919200 0 5919200 BZ2_decompress_for.cond.2589
398 1190 22303752384 0 22303752384 BZ2_decompress_for.cond.2850
226 1194 80673138770 0 80673138770 unRLE_obuf_to_output_FAST_while.body.289
358 1196 135 0 135 BZ2_decompress_while.body.2945
354 1198 135 0 135 BZ2_decompress_while.body.3003
350 1200 135 0 135 BZ2_decompress_while.body.3061
346 1202 135 0 135 BZ2_decompress_while.body.3119
342 1204 135 0 135 BZ2_decompress_while.body.3177
338 1206 135 0 135 BZ2_decompress_while.body.3235
334 1208 135 0 135 BZ2_decompress_while.body.3293
330 1210 135 0 135 BZ2_decompress_while.body.3351
326 1212 135 0 135 BZ2_decompress_while.body.3409
