2 764 14622916 60534 14683450 spec_init_for.cond
18 806 118 1149 1267 spec_load_for.cond
14 824 914 52768828 52769742 spec_load_while.cond
26 832 5145907 0 5145907 main_for.cond
22 836 18010918 2156164625515 2156182636433 main_for.cond.39
206 858 3470040 0 3470040 prepare_new_block
178 876 3732784 0 3732784 BZ2_bzCompress_preswitch
210 880 11287600 1894636748310 1894648035910 handle_compress_while.body.outer
238 884 54168188451 5854316943 60022505394 copy_input_until_stop_while.body
246 888 4031569161 0 4031569161 add_pair_to_block_for.cond
114 896 882401184 0 882401184 mainSort_for.cond
110 898 12926862192 0 12926862192 mainSort_for.cond.3
106 900 52956 0 52956 mainSort_for.cond.61
102 902 845784 0 845784 mainSort_for.cond.80
98 904 1283468040 0 1283468040 mainSort_for.cond.99
94 906 18380372043 0 18380372043 mainSort_for.cond.117
90 908 58149 0 58149 mainSort_for.cond.190
86 910 4399056 0 4399056 mainSort_for.cond.212
74 916 56323782061 1644705979318 1701029761379 mainSort_for.cond.277
118 920 153671171920 1490937876048 1644609047968 mainQSort3_while.cond
126 924 1077331210 0 1077331210 mainSimpleSort_while.cond
122 926 68320330598 1418407606839 1486727937437 mainSimpleSort_for.cond
30 934 5913271058 0 5913271058 BZ2_blockSort_for.cond
250 940 5223766340 0 5223766340 bsW
322 946 5556960 0 5556960 makeMaps_e
266 948 1776024 0 1776024 generateMTFValues_for.cond
262 950 1891080 0 1891080 generateMTFValues_for.cond.4
258 952 50165896356 0 50165896356 generateMTFValues_for.cond.13
254 954 148388 0 148388 generateMTFValues_while.body.90
314 958 15111504 0 15111504 sendMTFValues_for.cond
310 960 32732208 0 32732208 sendMTFValues_while.cond
306 962 30268962048 2990189384 33259151432 sendMTFValues_for.cond.100
578 966 88320351 0 88320351 BZ2_hbMakeCodeLengths_for.cond
574 968 2901222761 0 2901222761 BZ2_hbMakeCodeLengths_while.body
302 970 108936 0 108936 sendMTFValues_for.cond.1716
298 972 146565965 0 146565965 sendMTFValues_for.cond.1726
294 974 43922956 141942194 185865150 sendMTFValues_for.cond.1754
582 976 141942194 0 141942194 BZ2_hbAssignCodes
290 978 6124896 0 6124896 sendMTFValues_for.cond.1816
286 980 367200 589096 956296 sendMTFValues_for.cond.1840
282 982 3647520 4151808 7799328 sendMTFValues_for.cond.1853
278 984 99790592 119258956 219049548 sendMTFValues_for.cond.1890
274 986 49048993 31160872 80209865 sendMTFValues_for.cond.1917
270 988 2699362871 5067887596 7767250467 sendMTFValues_while.body.1971
234 992 2181455824 0 2181455824 copy_output_until_stop_while.body
242 1000 75 0 75 copy_input_until_stop_while.body.60
318 1004 147 0 147 bsFinishWrite
154 1028 5461341 261141855608 261147316949 uncompressStream_while.body
198 1032 33 0 33 BZ2_bzReadOpen_while.cond
186 1044 5492394 260888099510 260893591904 BZ2_bzDecompress_while.body
566 1048 135 0 135 BZ2_decompress_while.body
562 1050 135 0 135 BZ2_decompress_while.body.64
558 1052 135 0 135 BZ2_decompress_while.body.120
554 1054 135 0 135 BZ2_decompress_while.body.176
550 1056 55215 0 55215 BZ2_decompress_while.body.274
546 1058 55080 0 55080 BZ2_decompress_while.body.335
542 1060 55128 0 55128 BZ2_decompress_while.body.391
538 1062 55080 0 55080 BZ2_decompress_while.body.447
534 1064 55080 0 55080 BZ2_decompress_while.body.503
530 1066 55080 0 55080 BZ2_decompress_while.body.559
526 1068 55080 0 55080 BZ2_decompress_while.body.622
522 1070 55096 0 55096 BZ2_decompress_while.body.678
518 1072 55096 0 55096 BZ2_decompress_while.body.734
514 1074 55080 0 55080 BZ2_decompress_while.body.790
510 1076 17840 0 17840 BZ2_decompress_while.body.846
506 1078 55080 0 55080 BZ2_decompress_while.body.897
502 1080 55080 0 55080 BZ2_decompress_while.body.953
498 1082 55080 0 55080 BZ2_decompress_while.body.1009
362 1084 281536 0 281536 BZ2_decompress_while.body.1080
494 1086 3457800 0 3457800 BZ2_decompress_for.cond.1139
366 1088 2252224 0 2252224 BZ2_decompress_while.body.1163
570 1090 5412528 0 5412528 makeMaps_d
490 1092 28550 0 28550 BZ2_decompress_while.body.1237
486 1094 92371 0 92371 BZ2_decompress_while.body.1294
482 1098 111384 0 111384 BZ2_decompress_for.cond.1422
478 1100 119762510 0 119762510 BZ2_decompress_for.cond.1432
382 1102 234405 0 234405 BZ2_decompress_while.body.1466
378 1104 16406034 0 16406034 BZ2_decompress_while.body.1531
374 1106 3737151 0 3737151 BZ2_decompress_while.body.1589
474 1108 44001292 167092753 211094045 BZ2_decompress_for.cond.1659
610 1112 141870529 0 141870529 BZ2_hbCreateDecodeTables_for.cond
606 1114 1924128 0 1924128 BZ2_hbCreateDecodeTables_for.cond.12
602 1116 15951168 0 15951168 BZ2_hbCreateDecodeTables_for.cond.21
598 1118 2651184 0 2651184 BZ2_hbCreateDecodeTables_for.cond.34
594 1120 1924128 0 1924128 BZ2_hbCreateDecodeTables_for.cond.46
590 1122 1450251 0 1450251 BZ2_hbCreateDecodeTables_for.cond.55
586 1124 976197 0 976197 BZ2_hbCreateDecodeTables_for.cond.73
470 1126 3462696 0 3462696 BZ2_decompress_for.cond.1724
466 1128 6831144 0 6831144 BZ2_decompress_for.cond.1736
462 1130 19656 0 19656 BZ2_decompress_while.body.1791
458 1132 148601 0 148601 BZ2_decompress_while.body.1858
454 1134 849889338 0 849889338 BZ2_decompress_while.cond.2264
450 1136 357598048 0 357598048 BZ2_decompress_while.cond.2284
434 1138 732209556 0 732209556 BZ2_decompress_while.body.2412
426 1140 2013326178 0 2013326178 BZ2_decompress_while.body.1986
422 1142 3584793505 0 3584793505 BZ2_decompress_while.body.2053
418 1144 18759576181 0 18759576181 BZ2_decompress_while.cond.2158
442 1146 1484312740 0 1484312740 BZ2_decompress_while.cond.2199
438 1148 1448828120 0 1448828120 BZ2_decompress_while.cond.2238
430 1150 203379235 0 203379235 BZ2_decompress_while.body.2479
446 1152 7457832 0 7457832 BZ2_decompress_for.cond.2322
410 1154 4711176 0 4711176 BZ2_decompress_for.cond.2560
406 1156 5024520 0 5024520 BZ2_decompress_for.cond.2574
402 1158 5997600 0 5997600 BZ2_decompress_for.cond.2589
398 1160 22622017116 0 22622017116 BZ2_decompress_for.cond.2850
226 1164 81250031838 0 81250031838 unRLE_obuf_to_output_FAST_while.body.289
358 1166 135 0 135 BZ2_decompress_while.body.2945
354 1168 135 0 135 BZ2_decompress_while.body.3003
350 1170 135 0 135 BZ2_decompress_while.body.3061
346 1172 135 0 135 BZ2_decompress_while.body.3119
342 1174 129 0 129 BZ2_decompress_while.body.3177
338 1176 135 0 135 BZ2_decompress_while.body.3235
334 1178 135 0 135 BZ2_decompress_while.body.3293
330 1180 135 0 135 BZ2_decompress_while.body.3351
326 1182 135 0 135 BZ2_decompress_while.body.3409
