2 764 10444996 60534 10505530 spec_init_for.cond
18 806 16478 4012 20490 spec_load_for.cond
14 824 164 28022428 28022592 spec_load_while.cond
26 832 3675649 0 3675649 main_for.cond
22 836 12865015 1064179219468 1064192084483 main_for.cond.39
206 858 2457945 0 2457945 prepare_new_block
178 876 3035930 0 3035930 BZ2_bzCompress_preswitch
210 880 8875566 741880183168 741889058734 handle_compress_while.body.outer
238 884 38740261072 3887852253 42628113325 copy_input_until_stop_while.body
246 888 2750040099 0 2750040099 add_pair_to_block_for.cond
114 896 625034172 0 625034172 mainSort_for.cond
110 898 9152498242 0 9152498242 mainSort_for.cond.3
106 900 36863 0 36863 mainSort_for.cond.61
102 902 599097 0 599097 mainSort_for.cond.80
98 904 909123195 0 909123195 mainSort_for.cond.99
94 906 13013701258 0 13013701258 mainSort_for.cond.117
90 908 40472 0 40472 mainSort_for.cond.190
86 910 3115998 0 3115998 mainSort_for.cond.212
74 916 39186795586 430363559593 469550355179 mainSort_for.cond.277
118 920 98515997105 331707839400 430223836505 mainQSort3_while.cond
126 924 854543105 0 854543105 mainSimpleSort_while.cond
122 926 46406455710 282241572191 328648027901 mainSimpleSort_for.cond
30 934 3989904774 0 3989904774 BZ2_blockSort_for.cond
250 940 9137452280 0 9137452280 bsW
322 946 4112404 0 4112404 makeMaps_e
266 948 1522353 0 1522353 generateMTFValues_for.cond
262 950 1625879 0 1625879 generateMTFValues_for.cond.4
258 952 96819538848 0 96819538848 generateMTFValues_for.cond.13
254 954 120127 0 120127 generateMTFValues_while.body.90
314 958 12950838 0 12950838 sendMTFValues_for.cond
310 960 28024220 0 28024220 sendMTFValues_while.cond
306 962 46962728478 2943499852 49906228330 sendMTFValues_for.cond.100
578 966 79797129 0 79797129 BZ2_hbMakeCodeLengths_for.cond
574 968 2863244947 0 2863244947 BZ2_hbMakeCodeLengths_while.body
302 970 77163 0 77163 sendMTFValues_for.cond.1716
298 972 303541352 0 303541352 sendMTFValues_for.cond.1726
294 974 37795989 242982206 280778195 sendMTFValues_for.cond.1754
582 976 242982206 0 242982206 BZ2_hbAssignCodes
290 978 4404552 0 4404552 sendMTFValues_for.cond.1816
286 980 260100 417248 677348 sendMTFValues_for.cond.1840
282 982 4255785 5007864 9263649 sendMTFValues_for.cond.1853
278 984 219476677 285695896 505172573 sendMTFValues_for.cond.1890
274 986 45134527 30829368 75963895 sendMTFValues_for.cond.1917
270 988 4195113477 8814991724 13010105201 sendMTFValues_while.body.1971
234 992 5280442303 0 5280442303 copy_output_until_stop_while.body
70 998 39704 0 39704 fallbackSort_for.cond
66 1000 180195663 0 180195663 fallbackSort_for.cond.2
62 1002 50316 0 50316 fallbackSort_for.cond.13
58 1004 57470 0 57470 fallbackSort_for.cond.23
54 1006 222594617 0 222594617 fallbackSort_for.cond.33
50 1008 3975322 0 3975322 fallbackSort_for.cond.49
46 1010 82572 0 82572 fallbackSort_for.cond.58
42 1012 19852 0 19852 fallbackSort_for.cond.71
134 1016 7266379127 5114990770 12381369897 fallbackQSort3
138 1020 3361768347 0 3361768347 fallbackSimpleSort_for.cond.29
142 1022 209422464 0 209422464 fallbackSimpleSort_for.cond
34 1024 360426904 0 360426904 fallbackSort_for.cond.274
242 1030 75 0 75 copy_input_until_stop_while.body.60
318 1034 147 0 147 bsFinishWrite
154 1058 3901080 321987365953 321991267033 uncompressStream_while.body
198 1062 33 0 33 BZ2_bzReadOpen_while.cond
186 1074 4443748 321776426190 321780869938 BZ2_bzDecompress_while.body
566 1078 135 0 135 BZ2_decompress_while.body
562 1080 135 0 135 BZ2_decompress_while.body.64
558 1082 135 0 135 BZ2_decompress_while.body.120
554 1084 135 0 135 BZ2_decompress_while.body.176
550 1086 39150 0 39150 BZ2_decompress_while.body.274
546 1088 39015 0 39015 BZ2_decompress_while.body.335
542 1090 39015 0 39015 BZ2_decompress_while.body.391
538 1092 39015 0 39015 BZ2_decompress_while.body.447
534 1094 39015 0 39015 BZ2_decompress_while.body.503
530 1096 39015 0 39015 BZ2_decompress_while.body.559
526 1098 39015 0 39015 BZ2_decompress_while.body.622
522 1100 39015 0 39015 BZ2_decompress_while.body.678
518 1102 39015 0 39015 BZ2_decompress_while.body.734
514 1104 39015 0 39015 BZ2_decompress_while.body.790
510 1106 11785 0 11785 BZ2_decompress_while.body.846
506 1108 39015 0 39015 BZ2_decompress_while.body.897
502 1110 39015 0 39015 BZ2_decompress_while.body.953
498 1112 39015 0 39015 BZ2_decompress_while.body.1009
362 1114 199426 0 199426 BZ2_decompress_while.body.1080
494 1116 2449275 0 2449275 BZ2_decompress_for.cond.1139
366 1118 2716562 0 2716562 BZ2_decompress_while.body.1163
570 1120 3988070 0 3988070 makeMaps_d
490 1122 20640 0 20640 BZ2_decompress_while.body.1237
486 1124 65090 0 65090 BZ2_decompress_while.body.1294
482 1128 84099 0 84099 BZ2_decompress_for.cond.1422
478 1130 250514902 0 250514902 BZ2_decompress_for.cond.1432
382 1132 167676 0 167676 BZ2_decompress_while.body.1466
378 1134 16120805 0 16120805 BZ2_decompress_while.body.1531
374 1136 5254445 0 5254445 BZ2_decompress_while.body.1589
474 1138 37851477 264880067 302731544 BZ2_decompress_for.cond.1659
610 1142 242895191 0 242895191 BZ2_hbCreateDecodeTables_for.cond
606 1144 1362924 0 1362924 BZ2_hbCreateDecodeTables_for.cond.12
602 1146 13677768 0 13677768 BZ2_hbCreateDecodeTables_for.cond.21
598 1148 1877922 0 1877922 BZ2_hbCreateDecodeTables_for.cond.34
594 1150 1362924 0 1362924 BZ2_hbCreateDecodeTables_for.cond.46
590 1152 2006073 0 2006073 BZ2_hbCreateDecodeTables_for.cond.55
586 1154 1452771 0 1452771 BZ2_hbCreateDecodeTables_for.cond.73
470 1156 2452743 0 2452743 BZ2_decompress_for.cond.1724
466 1158 4838727 0 4838727 BZ2_decompress_for.cond.1736
462 1160 19224 0 19224 BZ2_decompress_while.body.1791
458 1162 105045 0 105045 BZ2_decompress_while.body.1858
442 1164 6032980943 0 6032980943 BZ2_decompress_while.cond.2199
438 1166 5205187059 0 5205187059 BZ2_decompress_while.cond.2238
434 1168 4008908358 0 4008908358 BZ2_decompress_while.body.2412
426 1170 1861564092 0 1861564092 BZ2_decompress_while.body.1986
422 1172 2341669148 0 2341669148 BZ2_decompress_while.body.2053
418 1174 10683189231 0 10683189231 BZ2_decompress_while.cond.2158
454 1176 5049850890 0 5049850890 BZ2_decompress_while.cond.2264
450 1178 4181547272 0 4181547272 BZ2_decompress_while.cond.2284
430 1180 3819254281 0 3819254281 BZ2_decompress_while.body.2479
446 1182 58188150 0 58188150 BZ2_decompress_for.cond.2322
410 1184 3337083 0 3337083 BZ2_decompress_for.cond.2560
406 1186 3559035 0 3559035 BZ2_decompress_for.cond.2574
402 1188 4248300 0 4248300 BZ2_decompress_for.cond.2589
398 1190 16016877141 0 16016877141 BZ2_decompress_for.cond.2850
226 1194 57831330801 0 57831330801 unRLE_obuf_to_output_FAST_while.body.289
358 1196 135 0 135 BZ2_decompress_while.body.2945
354 1198 135 0 135 BZ2_decompress_while.body.3003
350 1200 135 0 135 BZ2_decompress_while.body.3061
346 1202 135 0 135 BZ2_decompress_while.body.3119
342 1204 135 0 135 BZ2_decompress_while.body.3177
338 1206 135 0 135 BZ2_decompress_while.body.3235
334 1208 135 0 135 BZ2_decompress_while.body.3293
330 1210 135 0 135 BZ2_decompress_while.body.3351
326 1212 135 0 135 BZ2_decompress_while.body.3409
