2
38
42
46
54
58
66
82
134
138
142
186
202
206
230
274
278
314
326
330
338
342
346
350
354
358
362
366
370
374
382
386
390
398
402
410
414
418
422
454
462
466
470
474
486
490
494
506
518
522
526
538
554
558
574
578
582
598
602
606
610
614
622
630
634
638
654
658
670
698
706
710
714
718
722
726
730
734
738
762
774
786
818
822
834
842
854
862
882
886
898
906
914
918
926
930
934
938
946
954
970
990
994
998
1002
1034
1046
1050
1054
1066
1070
1074
1078
1090
1094
1126
1138
1162
1226
1238
1246
1250
1254
1274
1290
1294
1306
1342
1346
1350
1354
1358
1366
1370
1386
1394
1406
1410
1414
1418
1426
1430
1458
1538
1546
1550
1562
1582
1590
1602
1614
1634
1638
1646
1650
1654
1658
1662
1678
1694
1730
1742
1746
1810
1862
1886
1918
1950
1954
1958
1962
1974
1990
1994
2014
2026
2046
2050
2166
2174
2194
2202
2242
2250
2258
2290
2322
2334
2342
2346
2354
2358
2422
2426
2434
2438
2442
2446
2450
2454
2458
2462
2466
2470
2482
2486
2490
2494
2510
2514
2526
2534
2554
2558
2586
2590
2594
2598
2602
2606
2614
2618
2642
2670
2678
2702
2710
2722
2782
2810
2826
2834
2838
2846
2850
2870
2878
2882
2902
2906
2918
2926
2966
2970
2974
3002
3006
3014
3022
3034
3074
3082
3094
3158
3162
3170
3174
3186
3230
3234
3238
3242
3254
3258
3262
3298
3310
3318
3326
3350
3354
3358
3370
3374
3438
3446
3466
3474
3482
3490
3498
3506
3514
3526
3534
3570
3574
3618
3622
3634
3638
3642
3646
3650
3662
3666
3730
3734
3754
3786
3798
3802
3818
3822
3826
3834
3854
3858
3874
3890
3898
3934
3938
3970
3994
3998
4034
4046
4062
4066
4106
4114
4118
4122
4126
4130
4134
4138
4142
4162
4166
4174
4178
4182
4186
4222
4226
4250
4286
4314
4362
4386
4394
4402
4406
4410
4458
4494
4502
4514
4518
4522
4534
4542
4550
4574
4582
4590
4594
4598
4602
4606
4614
4638
4642
4654
4666
4670
4682
4690
4694
4718
4722
4726
4746
4750
4754
4758
4786
4794
4798
4806
4810
4814
4818
4822
4826
4830
4850
4854
4910
4914
4930
4938
4942
4950
4958
4982
4990
5006
5014
5030
5054
5070
5078
5082
5142
5146
5150
5154
5158
5162
5166
5170
5214
5246
5258
5290
5294
5298
5302
5306
5310
5314
5318
5322
5326
5330
5338
5342
5346
5350
5354
5358
5362
5366
5370
5374
5378
5382
5386
5390
5394
5398
5402
5406
5410
5422
5430
5466
5486
5490
5522
5526
5534
5542
5546
5550
5558
5578
5590
5594
5598
5610
5614
5618
5622
5626
5630
5634
5638
5642
5666
5670
5674
5678
5690
5694
5722
5750
5754
5786
5798
5802
5806
5810
5866
5874
5926
5934
5942
5946
5950
5954
5958
5966
5994
5998
6002
6006
6054
6062
6094
6106
6110
6114
6118
6122
6138
6150
6154
6158
6162
6178
6246
6270
6338
6390
6394
6418
6422
6434
6442
6474
6490
6514
6526
6538
6550
6554
6558
6586
6590
6598
6606
6618
6622
6626
6630
6634
6638
6642
6646
6650
6654
6658
6662
6686
6698
6702
6710
6730
6734
6758
6822
6826
6834
6838
6846
6854
6874
6878
6914
6918
6922
7074
7110
7130
7182
7206
7230
7262
7266
7274
7282
7286
7326
7350
7354
7370
7410
7414
7438
7466
7474
7486
7490
7494
7498
7518
7534
7542
7550
7558
7566
7578
7586
7594
7598
7602
7606
7622
7634
7638
7642
7646
7662
7666
7670
7702
7706
7710
7714
7726
7734
7738
7758
7762
7766
7770
7774
7778
7786
7826
7830
7842
7846
7866
7938
8010
8034
8042
8062
8066
8070
8074
8078
8082
8086
8090
8094
8110
8138
8146
8150
8158
8170
8174
8218
8222
8230
8238
8298
8318
8322
8326
8330
8382
8386
8414
8418
8422
8438
8466
8478
8490
8514
8526
8558
8562
8574
8582
8586
8630
8634
8638
8662
8666
8670
8674
8678
8682
8686
8690
8698
8710
8714
8722
8726
8742
8766
8882
8886
8958
8966
8974
8986
8990
8994
8998
9002
9006
9010
9022
9038
9094
9154
9162
9166
9270
9278
9286
9290
9294
9306
9310
9322
9326
9342
9350
9362
9366
9370
9374
9378
9402
9414
9482
9486
9490
9526
9542
9586
9658
9726
9730
9802
9806
9810
9814
9818
9822
9826
9830
9834
9838
9846
9850
9874
9878
9886
9890
9894
9898
9902
9906
9910
9934
9938
9942
9946
9950
9954
9958
9962
9966
9970
9974
9978
9986
10014
10026
10034
10038
10046
10054
10154
10158
10174
10182
10234
10262
10266
10278
10282
10286
10290
10294
10298
10302
10306
10310
10314
10318
10322
10342
10350
10358
10362
10370
10386
10390
10394
10398
10402
10406
10410
10414
10418
10446
10462
10470
10474
10518
10534
10542
10550
10558
10570
10586
10590
10594
10610
10622
10630
10638
10646
10654
10662
10670
10678
10706
10754
10890
10894
10902
10906
10914
10922
10926
10950
10994
11006
11066
11086
11118
11142
11222
11226
11230
11234
11274
11290
11294
11346
11374
11422
11430
11438
11466
11470
11474
11478
11486
11490
11494
11502
11506
11510
11518
11526
11530
11542
11546
11550
11554
11558
11562
11586
11590
11594
11606
11630
11666
11682
11702
11706
11726
11742
11746
11750
11754
11758
11766
11782
11786
11790
11794
11798
11810
11818
11830
11842
11850
11874
11878
11950
11954
11962
11974
11978
11982
11986
11990
11994
11998
12002
12006
12010
12014
12018
12022
12026
12030
12034
12066
12070
12086
12090
12106
12118
12122
12126
12134
12138
12142
12158
12162
12206
12214
12222
12226
12230
12234
12238
12254
12302
12306
12322
12326
12330
12342
12350
12354
12370
12394
12406
12418
12422
12426
12434
12450
12454
12458
12470
12478
12482
12486
12490
12494
12522
12562
12570
12574
12590
12594
12598
12606
12658
12682
12686
12690
12694
12698
12702
12746
12750
12786
12794
12802
12810
12830
12838
12846
12858
12866
12902
12910
12922
12926
12954
12966
13002
