14 726 458 0 458 quantum_getwidth
338 770 26 79 105 main_while.cond
6 772 302 0 302 quantum_gcd
334 814 265 5355552532 5355552797 main_for.cond
94 828 6694109856 0 6694109856 quantum_gate1_for.cond
90 830 331572686 899822416 1231395102 quantum_gate1_for.cond.3
150 832 509737496 390084920 899822416 quantum_add_hash
86 836 1148701706 1929080338 3077782044 quantum_gate1_for.cond.11
154 840 1032075263 0 1032075263 quantum_get_state_while.cond
82 860 117890444 0 117890444 quantum_gate1_for.cond.79
78 862 3552207296 1285782541 4837989837 quantum_gate1_for.cond.123
74 868 1332082841 924869088 2256951929 quantum_gate1_for.cond.468
286 884 52428816 0 52428816 quantum_addscratch
30 886 4371 7026162606618 7026162610989 quantum_exp_mod_n
50 892 1182844318159 0 1182844318159 quantum_sigma_x_for.cond
234 896 9807 3493856892414 3493856902221 muln
38 900 4503750198069 0 4503750198069 quantum_toffoli_for.cond
230 902 9544 15951484748 15951494292 emul
34 912 899468687735 0 899468687735 quantum_cnot_for.cond
190 914 288009 1171927207693 1171927495702 test_sum_for.cond
186 916 324770 1171927207693 1171927532463 test_sum_for.cond.38
194 918 237300 1815632502540 1815632739840 madd
198 926 228480 1810488189391 1810488417871 madd_inv
66 934 406050577380 36112957440 442163534820 quantum_swaptheleads_for.cond.3
70 936 10983 58464973119 58464984102 quantum_swaptheleads_omuln_controlled
238 938 10059 3473790378005 3473790388064 muln_inv
18 940 198651 0 198651 quantum_inverse_mod
330 942 540 90883929314 90883929854 main_for.cond.28
170 946 2103833290 2052901695 4156734985 quantum_bmeasure_for.cond
302 960 3623729261 2051733255 5675462516 quantum_state_collapse_for.cond
298 968 80788061303 263042725 81051104028 quantum_state_collapse_for.cond.29
258 972 3144 22644221209 22644224353 quantum_qft
138 990 9763256961 0 9763256961 quantum_cond_phase_for.cond
326 992 398 2077689150 2077689548 main_for.cond.38
166 996 34184845 41662764 75847609 quantum_measure_for.cond
2 1018 188 0 188 quantum_ipow
