210 728 3783937 0 3783937 clear_board_for.cond
906 732 11374 0 11374 hashdata_recalc_for.cond
902 734 6145901 0 6145901 hashdata_recalc_for.cond.2
366 738 78890520 0 78890520 new_position_for.cond
362 740 138274011 193756301 332030312 new_position_for.cond.6
358 742 6083230 185409986 191493216 new_position_for.cond.50
2798 746 393 6560 6953 main_while.cond
3186 766 149 0 149 _getopt_internal_for.cond
3182 768 262 2521 2783 _getopt_internal_for.cond.142
3206 782 86112 0 86112 gg_srand
3210 792 340 0 340 gg_get_rand_state
894 794 12913 214011 226924 hash_init_for.cond
926 796 83001 131010 214011 hash_rand
3222 804 1526880 0 1526880 iterate_tgfsr_for.cond
3218 806 623476 0 623476 iterate_tgfsr_for.cond.8
3214 808 340 0 340 gg_set_rand_state
450 842 1614602070 0 1614602070 hashtable_clear_for.cond
446 844 1622882070 0 1622882070 hashtable_clear_for.cond.1
442 846 1159202070 0 1159202070 hashtable_clear_for.cond.9
3170 848 563123 0 563123 transformation_init
2986 854 77625 0 77625 buildSpiralOrder_for.cond
2982 856 25335 0 25335 buildSpiralOrder_for.cond.2
2978 858 264604 0 264604 buildSpiralOrder_while.cond
2974 860 612117 0 612117 buildSpiralOrder_for.cond.49
30 932 11 0 11 sgfAddProperty_while.cond
1146 958 143879464 5032374 148911838 clear_move_reasons
2774 976 653381 717277205469 717277858850 gtp_main_loop_while.cond.outer
90 1080 2369 6283 8652 gametree_for.cond
118 1082 336579 39653995 39990574 sequence
122 1088 1154868 30773286 31928154 node_while.cond
130 1094 2157356 1809985 3967341 propident_while.cond
138 1098 3206272 2141634 5347906 propvalue_while.cond
86 1102 1030 0 1030 gametree_while.cond.13
34 1130 31312 0 31312 sgfGetIntProperty_for.cond
38 1148 16686 0 16686 sgfGetFloatProperty_for.cond
1094 1168 2006105 877517463 879523568 gameinfo_play_sgftree_rot_for.cond
914 1196 2126434460 0 2126434460 hashdata_invert_stone_for.cond
426 1202 96816725 83844010 180660735 propagate_string_for.cond
426 1203 71390080 105050114 176440194 propagate_string_for.cond'2
50 1214 854786 0 854786 sgfOverwritePropertyInt_for.cond
918 1228 2202676170 0 2202676170 hashdata_invert_stone_for.cond.10
394 1232 7477806567 0 7477806567 remove_liberty_for.cond
398 1236 4132469934 0 4132469934 extend_neighbor_string_for.cond
2778 1268 9897 24554 34451 gtp_mprintf
2782 1284 13366 14850 28216 gtp_decode_color_for.cond
2550 1306 1873100 55680715 57553815 purge_persistent_reading_cache_for.cond
2462 1312 726138 0 726138 build_worms_for.cond
2458 1314 2166152 2214332 4380484 build_worms_for.cond.5
298 1324 1517448758 0 1517448758 findstones_for.cond
2426 1326 2304634 4119225 6423859 propagate_worm_for.cond
338 1334 735909 0 735909 stones_on_board_for.cond
2546 1340 76555002 0 76555002 do_compute_effective_worm_sizes_for.cond
2542 1342 55192498 0 55192498 do_compute_effective_worm_sizes_while.cond
2538 1344 2782406 0 2782406 do_compute_effective_worm_sizes_for.cond.136
2534 1346 783690 2083219 2866909 do_compute_effective_worm_sizes_for.cond.185
2530 1350 7976796 0 7976796 do_compute_effective_worm_sizes_for.cond.208
2466 1354 1459338 54901339 56360677 compute_unconditional_status_for.cond
2250 1358 5056547 35340856 40397403 unconditional_life_while.cond
234 1362 10681558840 0 10681558840 findlib_for.cond
386 1374 918502319 14074937061 14993439380 do_remove_string_for.cond
422 1378 4863971310 0 4863971310 remove_neighbor_for.cond
418 1382 2966361335 0 2966361335 update_liberties_for.cond
406 1392 8701694201 0 8701694201 assimilate_string_for.cond
402 1394 8175089344 11983045992 20158135336 assimilate_string_for.cond.107
2246 1396 1630072 20991 1651063 unconditional_life_for.cond.46
2242 1398 2223466 584398 2807864 unconditional_life_while.cond.79
2238 1400 1733861 568233 2302094 unconditional_life_for.cond.109
2234 1402 1810164 568606 2378770 unconditional_life_for.cond.163
2230 1404 129186 5183959 5313145 unconditional_life_while.cond.215
374 1410 24678525136 0 24678525136 undo_trymove_while.cond
370 1412 2819625689 0 2819625689 undo_trymove_while.cond.2
2478 1416 2617825 1866569165 1869186990 find_worm_attacks_and_defenses_for.cond
2650 1426 8931202640 3591704846 12522907486 find_persistent_reading_cache_entry_for.cond
470 1436 1264549168 0 1264549168 hashtable_search_for.cond
474 1440 633301667 0 633301667 hashtable_enter_position_while.cond
478 1444 865289725 0 865289725 hashnode_search_for.cond
482 1448 896341046 0 896341046 hashnode_new_result_while.cond
306 1454 12229179920 0 12229179920 chainlinks2_for.cond
2002 1456 16454594 37228983 53683577 attack4_for.cond
1926 1458 339036844 1708025162 2047062006 double_atari_chain2_moves
1998 1460 8667732 0 8667732 attack4_for.cond.58
1994 1462 204141333 719389550 923530883 attack4_for.cond.79
2006 1466 1295354692 0 1295354692 edge_closing_backfill_for.cond
2010 1470 1506999768 189896906 1696896674 edge_block_moves_for.cond
1886 1474 6926679257 121969792 7048649049 propose_edge_moves
1770 1478 20825009965 73845961073 94670971038 order_moves_for.cond
1766 1486 6169038810 0 6169038810 order_moves_for.cond.252
1990 1488 167538057 78241267883 78408805940 attack4_for.cond.213
1990 1489 64411162 37370820937 37435232099 attack4_for.cond.213'2
1846 1498 237128913 0 237128913 defend3_for.cond
1778 1500 1803750615 8423393206 10227143821 break_chain_moves
1858 1502 473694260 18627239940 19100934200 break_chain2_efficient_moves
1890 1504 1597724285 4803450149 6401174434 edge_clamp_moves
1894 1512 608663906 501022601 1109686507 hane_rescue_moves_for.cond
242 1516 1169954492 0 1169954492 fastlib_for.cond
1842 1518 313258314 85863632914 86176891228 defend3_for.cond.38
1842 1519 133537657 51267082330 51400619987 defend3_for.cond.38'2
1882 1522 894357700 10668393049 11562750749 do_find_break_chain2_efficient_moves_for.cond.52
2014 1526 512703526 35265383990 35778087516 find_cap_for.cond
2014 1527 48413944 1474758276 1523172220 find_cap_for.cond'2
1854 1532 54453440 0 54453440 defend4_for.cond
1862 1534 54858567 2366529037 2421387604 break_chain2_defense_moves
1866 1536 344491072 2063303776 2407794848 break_chain2_moves
1850 1538 77964699 5372664927 5450629626 defend4_for.cond.36
1850 1539 546225 216431715 216977940 defend4_for.cond.36'2
2582 1542 4466254 1111131 5577385 store_persistent_reading_cache_for.cond.51
2578 1544 158258032 0 158258032 store_persistent_reading_cache_for.cond.73
2574 1550 806074273 12710314 818784587 store_persistent_reading_cache_for.cond.92
2570 1552 306001826 0 306001826 store_persistent_reading_cache_for.cond.186
2566 1554 631911268 0 631911268 store_persistent_reading_cache_for.cond.218
2562 1556 762788910 0 762788910 store_persistent_reading_cache_for.cond.303
2558 1558 1008463 0 1008463 store_persistent_reading_cache_for.cond.411
2554 1560 334884213 0 334884213 store_persistent_reading_cache_for.cond.423
266 1562 2265017419 0 2265017419 approxlib_for.cond.142
262 1564 1785029260 0 1785029260 approxlib_for.cond.225
250 1568 1908647589 0 1908647589 count_common_libs_for.cond
246 1570 6069325835 0 6069325835 count_common_libs_for.cond.96
258 1572 1350785703 0 1350785703 approxlib_for.cond.305
1986 1576 81165640 183322476 264488116 attack3_for.cond
1982 1578 758155691 2815995367 3574151058 attack3_for.cond.69
1978 1580 260739293 181350558392 181611297685 attack3_for.cond.203
1978 1581 445425861 185943904306 186389330167 attack3_for.cond.203'2
1818 1584 334220360 0 334220360 defend2_for.cond
1814 1586 303250721 5481995691 5785246412 defend2_for.cond.36
1902 1588 1703527340 3858012104 5561539444 special_rescue_moves
1930 1592 1246772878 4829599018 6076371896 special_rescue2_moves
1810 1594 326027555 174390306106 174716333661 defend2_for.cond.51
1810 1595 637626026 194012743937 194650369963 defend2_for.cond.51'2
2018 1598 113360590 7231155564 7344516154 draw_back_for.cond
2018 1599 1508884 104940762 106449646 draw_back_for.cond'2
1974 1600 27229582 153306273 180535855 attack3_for.cond.331
1970 1602 24733590 9252132421 9276866011 attack3_for.cond.409
1970 1603 513067 600155692 600668759 attack3_for.cond.409'2
2270 1610 396402437 0 396402437 superstring_add_string_for.cond.36
2262 1612 2370978800 8957900052 11328878852 do_find_superstring_for.cond
2262 1613 37991841 43441696 81433537 do_find_superstring_for.cond'2
1966 1614 33063113 3849491024 3882554137 attack3_for.cond.493
1966 1615 183910 127090317 127274227 attack3_for.cond.493'2
1878 1616 27540996 0 27540996 do_find_break_chain2_efficient_moves_for.cond.200
1962 1620 268128212 551185003 819313215 attack2_for.cond
1958 1622 1508766179 4660860775 6169626954 attack2_for.cond.119
1950 1624 250509570 711837065 962346635 attack2_for.cond.345
1946 1626 338255183 164230143829 164568399012 attack2_for.cond.365
1946 1627 838888331 189057068964 189895957295 attack2_for.cond.365'2
346 1632 314523335 0 314523335 incremental_order_moves_for.cond.275
1786 1634 436823311 128384903075 128821726386 defend1_for.cond
1786 1635 468858624 96128130517 96596989141 defend1_for.cond'2
1954 1636 48619025 449218313 497837338 attack2_for.cond.333
270 1638 2837868606 0 2837868606 approxlib_for.cond
350 1642 336016354 0 336016354 incremental_order_moves_for.cond.158
2022 1646 137567035 4461071113 4598638148 special_attack2_for.cond
2022 1647 2286477 266249307 268535784 special_attack2_for.cond'2
2026 1650 104564297 2125855072 2230419369 special_attack3_for.cond
2026 1651 760155 10824644 11584799 special_attack3_for.cond'2
2030 1654 66894489 527461478 594355967 special_attack4_for.cond
2030 1655 317725 19392740 19710465 special_attack4_for.cond'2
1942 1656 77861209 19307386122 19385247331 attack2_for.cond.554
1942 1657 11785632 5413851394 5425637026 attack2_for.cond.554'2
354 1658 336802066 0 336802066 incremental_order_moves_for.cond
342 1660 347104247 0 347104247 incremental_order_moves_for.cond.392
1102 1668 222637 0 222637 fixup_patterns_for_board_size
1110 1672 155114443 447106594254 447261708697 matchpat_loop
1126 1676 772077088 0 772077088 do_matchpat_for.cond
2474 1680 825555 540477031 541302586 find_worm_attacks_and_defenses_for.cond.53
2522 1688 750676 710169249 710919925 defense_callback_for.cond
2470 1690 825092 691519181 692344273 find_worm_attacks_and_defenses_for.cond.141
2422 1692 1037202 156638220 157675422 make_worms_for.cond
2486 1696 334050 0 334050 ping_cave_for.cond
2482 1698 38118573 0 38118573 ping_cave_for.cond.6
2518 1702 34826027 5956736 40782763 ping_recurse_for.cond
2514 1706 2123498 105715294 107838792 ping_recurse_for.cond.25
2514 1707 39473756 883333535 922807291 ping_recurse_for.cond.25'2
2418 1710 123240194 909948 124150142 make_worms_for.cond.37
2414 1712 820601 288168629 288989230 make_worms_for.cond.157
2490 1714 47905306 238180104 286085410 genus
2510 1716 573337 236393669 236967006 markcomponent
2510 1717 224295738 41515985006 41740280744 markcomponent'2
2410 1720 883979 145380 1029359 make_worms_for.cond.193
2406 1722 7677815 883482126 891159941 make_worms_for.cond.231
2402 1724 921931 115158 1037089 make_worms_for.cond.439
2398 1726 922666 113815 1036481 make_worms_for.cond.536
2394 1728 863542 148857463 149721005 make_worms_for.cond.638
2494 1732 102016357 44607039 146623396 find_lunch_for.cond
2498 1734 980818 16603694401 16604675219 find_worm_threats
2646 1740 3619805682 334739 3620140421 verify_stored_board_for.cond
1738 1742 3199422 14434524002 14437723424 attack_threats_for.cond
1874 1744 29502630 0 29502630 do_find_break_chain2_efficient_moves_for.cond.252
910 1748 132684932 0 132684932 hashdata_invert_ko
294 1752 207071457 0 207071457 have_common_lib_for.cond
1806 1756 187411929 1683916129 1871328058 defend2_for.cond.97
1802 1758 70979752 10754079808 10825059560 defend2_for.cond.230
1802 1759 4888667 867680413 872569080 defend2_for.cond.230'2
1790 1760 65334201 45735025862 45800360063 defend2_for.cond.377
1790 1761 42030848 15436293441 15478324289 defend2_for.cond.377'2
302 1764 32826258 0 32826258 chainlinks_for.cond
1734 1766 358828 224843593 225202421 attack_threats_for.cond.80
1730 1768 156816 0 156816 attack_threats_for.cond.160
1910 1774 170401748 305039196 475440944 special_rescue5_moves_for.cond
1898 1778 16583524 2234066 18817590 special_rescue3_moves_for.cond
1838 1780 3342276 69623015 72965291 defend3_for.cond.98
1914 1784 18027114 2163286 20190400 special_rescue6_moves_for.cond
1834 1786 5994195 17106389759 17112383954 defend3_for.cond.125
1834 1787 808848 946159657 946968505 defend3_for.cond.125'2
1758 1790 1670038100 0 1670038100 simple_ladder_attack_for.cond
1754 1792 1138920491 137539318509 138678239000 simple_ladder_attack_for.cond.81
1754 1793 1480847056 286223108000 287703955056 simple_ladder_attack_for.cond.81'2
1774 1796 1207373943 112691900606 113899274549 simple_ladder_defend_for.cond
1774 1797 1477738304 252894996154 254372734458 simple_ladder_defend_for.cond'2
1822 1798 2605124 1276607134 1279212258 defend3_for.cond.264
1822 1799 27296 36666914 36694210 defend3_for.cond.264'2
1906 1800 3105636 427441447 430547083 superstring_breakchain_moves
2266 1804 16857821 8694854 25552675 superstring_add_string_for.cond.80
1798 1806 8388779 24486446 32875225 defend2_for.cond.294
1794 1808 7205032 28882102 36087134 defend2_for.cond.353
278 1810 156006971 0 156006971 accuratelib_for.cond
274 1812 16531662 0 16531662 accuratelib_for.cond.255
1934 1814 4239195 0 4239195 set_up_snapback_moves_for.cond
1870 1816 29104561 0 29104561 do_find_break_chain2_efficient_moves_for.cond
1922 1820 3985942 49485745 53471687 break_chain3_moves_for.cond
1918 1822 1551022 897338 2448360 break_chain3_moves_for.cond.95
1242 1826 718326 0 718326 movelist_change_point_for.cond
1246 1828 1923914 659540 2583454 movelist_sort_points
2586 1834 3360621191 0 3360621191 store_persistent_reading_cache_for.cond
1782 1836 3232874 4325345327 4328578201 defend1_for.cond.87
1782 1837 4012960 3690048276 3694061236 defend1_for.cond.87'2
1938 1838 6951991 7023202386 7030154377 attack1_for.cond
1938 1839 9398959 6220441667 6229840626 attack1_for.cond'2
1830 1840 713270 2062893 2776163 defend3_for.cond.188
1826 1842 649403 2164712 2814115 defend3_for.cond.245
2390 1844 879533 390799 1270332 make_worms_for.cond.695
2438 1852 48809024 0 48809024 get_lively_stones_for.cond
2434 1854 72001375 24055174 96056549 get_lively_stones_for.cond.4
1062 1862 94226578 0 94226578 init_influence_for.cond
1078 1872 68312766 0 68312766 influence_callback_for.cond
1074 1874 543298324 8452897700 8996196024 influence_callback_for.cond.85
1070 1876 329376119 15472125 344848244 influence_callback_for.cond.360
2214 1882 45693934 708467489 754161423 play_attack_defend2_n_for.cond
2210 1886 8960584 128631398 137591982 play_attack_defend2_n_for.cond.61
2206 1900 33921206 474764507 508685713 play_attack_defend_n_for.cond
2202 1902 6829572 85312000 92141572 play_attack_defend_n_for.cond.45
1750 1908 4559 0 4559 clear_safe_move_cache
2198 1932 5684028 85334721 91018749 play_break_through_n_for.cond
2194 1940 1147548 15318210 16465758 play_break_through_n_for.cond.60
2186 1958 2942748 0 2942748 somewhere_for.cond
1010 1970 45245784 330953310 376199094 add_marked_intrusions
1066 1976 158056711 0 158056711 find_influence_patterns_for.cond
1014 1978 108348371 0 108348371 reset_unblocked_blocks
998 1980 51100690 0 51100690 do_compute_influence_for.cond
994 1982 61061250 20321691993 20382753243 do_compute_influence_for.cond.19
1026 1986 4008 0 4008 accumulate_influence_for.cond
1022 1988 20494997548 0 20494997548 accumulate_influence_while.cond.outer
1018 1990 938626951 0 938626951 accumulate_influence_for.cond.232
990 1992 37487010 0 37487010 do_compute_influence_for.cond.76
1038 1996 423856466 140443299 564299765 value_territory_for.cond
1034 2000 715180178 0 715180178 value_territory_for.cond.138
1030 2002 128495903 0 128495903 value_territory_for.cond.317
1002 2004 36941780 1644703797 1681645577 segment_influence
1058 2006 795773334 848930463 1644703797 segment_region
654 2028 5271041 19482 5290523 initialize_dragon_data
1262 2032 623811420 1902836988 2526648408 make_domains_for.cond
1314 2042 6300487696 2006279301 8306766997 compute_primary_domains_for.cond
1382 2046 955472073 0 955472073 false_margin_for.cond
1378 2048 223135735 0 223135735 false_margin_for.cond.15
1310 2050 5529070204 0 5529070204 compute_primary_domains_while.body.outer
1258 2052 2052764225 0 2052764225 make_domains_for.cond.17
2222 2064 977341 8142583 9119924 play_connect_n_for.cond
1722 2074 10053709 8301507316 8311561025 trivial_connection_for.cond
326 2078 22480140 0 22480140 adjacent_strings_for.cond
1702 2084 5441574460 0 5441574460 compute_connection_distances_for.cond
1698 2086 267929328 126477796 394407124 compute_connection_distances_for.cond.12
1694 2088 60894808296 225356496780 286251305076 compute_connection_distances_for.cond.135
1690 2102 2120406650 32758002738 34878409388 find_connection_moves_for.cond
1686 2108 230505955 258604512 489110467 find_connection_moves_for.cond.468
1682 2110 95432470 0 95432470 find_connection_moves_for.cond.638
1670 2112 24538070 0 24538070 find_connection_moves_for.cond.737
1662 2114 2031370 318237848121 318239879491 recursive_connect2_for.cond
1662 2115 28078725 1730352511331 1730380590056 recursive_connect2_for.cond'2
1666 2120 2671727 333178473581 333181145308 recursive_disconnect2_for.cond
1666 2121 26167145 1819211608606 1819237775751 recursive_disconnect2_for.cond'2
2218 2122 210244 1474886 1685130 play_connect_n_for.cond.61
1254 2124 147564593 334007130 481571723 make_domains_for.cond.253
1318 2128 269452398 792734501 1062186899 originate_eye_for.cond
1318 2129 571392983 8571140537 9142533520 originate_eye_for.cond'2
1250 2130 387535246 850927562 1238462808 make_domains_for.cond.288
1322 2132 1388377832 0 1388377832 count_neighbours
2966 2138 3745812 0 3745812 cut_connect_callback_for.cond.59
2958 2148 1585444 45790066 47375510 cut_connect_callback_for.cond.281
682 2158 223520 0 223520 join_dragons_while.cond
678 2160 44851354 0 44851354 join_dragons_for.cond
1718 2174 702335231 499581495 1201916726 common_vulnerability_for.cond
726 2180 1200647 0 1200647 initialize_supplementary_dragon_data_for.cond
722 2182 987397 0 987397 initialize_supplementary_dragon_data_for.cond.38
718 2184 82465 15036 97501 initialize_supplementary_dragon_data_for.cond.75
646 2186 1010431 21279 1031710 make_dragons_for.cond.49
1306 2188 502447933 7372908210 7875356143 find_half_and_false_eyes
642 2194 1500650 199559551 201060201 make_dragons_for.cond.154
1266 2202 212453582 0 212453582 propagate_eye
1362 2204 1169883970 3376272 1173260242 recognize_eye_for.cond
1358 2208 599323618 264915426 864239044 recognize_eye_for.cond.90
1366 2212 22914126 0 22914126 first_map
1346 2220 791825794 0 791825794 read_eye_for.cond
1338 2222 37430 14721 52151 read_eye_for.cond.50
1342 2224 42492 22696 65188 read_eye_for.cond.59
730 2226 1001480 788855 1790335 analyze_false_eye_territory
638 2228 1417328 72373928 73791256 make_dragons_for.cond.228
1270 2232 72959372 0 72959372 find_eye_dragons_for.cond
634 2236 816430 975664560 976480990 make_dragons_for.cond.383
738 2240 9829785 23068983 32898768 compute_escape_for.cond
978 2246 23042838 0 23042838 compute_escape_influence_for.cond
974 2248 16156 0 16156 compute_escape_influence_for.cond.14
970 2256 8037242 70917987 78955229 compute_escape_influence_for.cond.49
966 2258 6060754 0 6060754 compute_escape_influence_for.cond.87
734 2260 13554774 0 13554774 compute_escape_for.cond.29
694 2264 480665475 0 480665475 dragon_escape_for.cond
690 2266 229741062 0 229741062 dragon_escape_for.cond.18
686 2268 20240589 0 20240589 dragon_escape_for.cond.722
962 2270 18530376 0 18530376 compute_escape_influence_for.cond.28
662 2276 31704 0 31704 compute_refined_dragon_weaknesses_for.cond
942 2280 5559000 19680078 25239078 influence_get_moyo_data
774 2282 2323560 0 2323560 compute_surrounding_moyo_sizes_for.cond.58
770 2284 11225428 0 11225428 compute_surrounding_moyo_sizes_for.cond.69
766 2286 196324 0 196324 compute_surrounding_moyo_sizes_for.cond.206
658 2288 37124 927945 965069 compute_refined_dragon_weaknesses_for.cond.1
666 2298 747849 0 747849 crude_dragon_weakness_for.cond
630 2300 20864 0 20864 make_dragons_for.cond.415
626 2302 938557 114579 1053136 make_dragons_for.cond.426
622 2306 1205028 746398 1951426 make_dragons_for.cond.455
750 2310 1156771 0 1156771 find_neighbor_dragons_for.cond
746 2312 10390649 4232335 14622984 find_neighbor_dragons_for.cond.28
742 2314 3049446 3680112 6729558 find_neighbor_dragons_for.cond.139
794 2320 1730041 0 1730041 add_adjacent_dragon_for.cond
2606 2324 95196 9184687 9279883 purge_persistent_owl_cache_for.cond
618 2326 1346301 140748449833 140749796134 make_dragons_for.cond.480
2610 2334 802665 8598655 9401320 search_persistent_owl_cache_for.cond
1646 2342 13466500 35975799 49442299 owl_mark_dragon_for.cond
1542 2346 26182551 263081 26445632 owl_mark_boundary_for.cond
1538 2348 9583727 197394 9781121 owl_mark_boundary_for.cond.31
1534 2350 14016110 0 14016110 owl_mark_boundary_for.cond.90
1530 2354 17163619 0 17163619 compute_owl_escape_values_for.cond
1606 2360 5792206 0 5792206 owl_find_lunches_for.cond
1602 2362 769195218 29043259451 29812454669 owl_find_lunches_for.cond.3
2274 2366 30965530 0 30965530 superstring_add_string_for.cond
1406 2370 634945068 0 634945068 owl_lively_for.cond.32
1634 2376 160602 0 160602 list_goal_worms_for.cond
1630 2378 12603539 50954 12654493 list_goal_worms_for.cond.1
1626 2380 7902308 0 7902308 list_goal_worms_for.cond.48
1582 2390 11299023 0 11299023 clear_owl_move_data
1578 2392 933869225 0 933869225 owl_determine_life_for.cond
1574 2394 506514988 0 506514988 owl_determine_life_for.cond.75
1570 2396 1867307992 5458723096 7326031088 owl_determine_life_for.cond.103
1278 2400 1600581679 5378268 1605959947 compute_eyes_pessimistic_for.cond
1274 2404 407138599 13807623 420946222 compute_eyes_pessimistic_for.cond.132
1614 2410 3898658 0 3898658 modify_stupid_eye_vital_point_for.cond
1598 2414 2766901 0 2766901 owl_add_move_for.cond
1594 2416 2405703 0 2405703 owl_add_move_for.cond.37
1566 2418 17603658 713397765 731001423 owl_determine_life_for.cond.392
1562 2420 2831974 34873853 37705827 owl_determine_life_for.cond.550
1558 2422 966670 7378037 8344707 owl_determine_life_for.cond.572
1118 2426 70568 0 70568 dfa_prepare_for_match_for.cond
1114 2428 679090720 0 679090720 dfa_prepare_for_match_for.cond.2
1106 2430 884788203 54822193378 55706981581 dfa_matchpat_loop
1134 2434 1599624345 26508456891 28108081236 do_dfa_matchpat_for.cond
1130 2440 1987159024 24283548475 26270707499 do_dfa_matchpat_for.cond.24
1142 2444 4760050532 0 4760050532 check_pattern_light_for.cond
1590 2448 113342557 0 113342557 owl_shapes_callback_for.cond
1494 2464 2097467 179421434453 179423531920 do_owl_attack_for.cond.181
1494 2465 21015514 521066052086 521087067600 do_owl_attack_for.cond.181'2
1502 2474 7772836764 53510150895 61282987659 get_next_move_from_list_for.cond
1510 2486 6405674 0 6405674 owl_update_boundary_marks_for.cond
1506 2488 3315472 272429 3587901 owl_update_boundary_marks_for.cond.39
1518 2496 5621647 169995795786 170001417433 do_owl_defend_for.cond
1518 2497 64662105 475790835925 475855498030 do_owl_defend_for.cond'2
1438 2504 30903240 0 30903240 owl_escape_value_for.cond
1522 2510 3660995 0 3660995 owl_update_goal_for.cond.16
1526 2548 343269 0 343269 owl_update_goal_for.cond
1354 2550 3689434 266160 3955594 recognize_eye_for.cond.286
1350 2552 529386 681908927 682438313 recognize_eye_for.cond.441
1546 2556 36060762 27472162 63532924 sniff_lunch_for.cond
1618 2560 774575 11828753 12603328 improve_lunch_defense_for.cond
1586 2562 1012208 0 1012208 owl_shapes_callback_for.cond.86
1286 2564 43554377 7163467229 7207021606 topological_eye
1282 2580 2738902 0 2738902 add_false_eye_for.cond
1434 2616 42059165 1093680913 1135740078 obvious_false_eye
1554 2620 6533968 0 6533968 eat_lunch_escape_bonus_for.cond
3158 2646 58420 118302 176722 finish_ko_helper_for.cond
2630 2672 13819056 0 13819056 store_persistent_owl_cache_for.cond
2626 2674 152182525 159451 152341976 store_persistent_owl_cache_for.cond.73
2622 2676 17357866 610701 17968567 store_persistent_owl_cache_for.cond.175
2618 2678 11200139 6515892 17716031 store_persistent_owl_cache_for.cond.225
2614 2680 19221685 781535 20003220 store_persistent_owl_cache_for.cond.293
1498 2714 4568118 116448014 121016132 get_next_move_from_list_for.cond.140
1550 2718 451331 333426 784757 eat_lunch_escape_bonus_for.cond.14
1374 2758 685664 1366142 2051806 false_margin_for.cond.40
1726 2804 670605 981145843 981816448 defend_both_for.cond
3162 2874 144335 300730 445065 squeeze_ko_helper_for.cond
614 2966 1235379 0 1235379 make_dragons_for.cond.669
610 2968 1205028 746398 1951426 make_dragons_for.cond.730
606 2972 921825 427948 1349773 make_dragons_for.cond.771
602 2974 1205028 746398 1951426 make_dragons_for.cond.917
598 2976 42369 240186407 240228776 make_dragons_for.cond.940
2766 2980 11703684 19272874 30976558 compute_surroundings_for.cond
2762 2982 24036532 39886339 63922871 compute_surroundings_for.cond.20
2758 2984 1864950 0 1864950 compute_surroundings_for.cond.88
2754 2986 1469210 0 1469210 compute_surroundings_for.cond.117
2750 2988 24649691 0 24649691 compute_surroundings_for.cond.142
2746 2990 191604 0 191604 compute_surroundings_for.cond.211
2742 2992 23442523 0 23442523 compute_surroundings_for.cond.230
2738 2994 137224 0 137224 compute_surroundings_for.cond.308
2734 2996 122998 0 122998 compute_surroundings_for.cond.328
2730 2998 5237353 52621 5289974 compute_surroundings_for.cond.346
2726 3014 24544037 0 24544037 compute_surroundings_for.cond.467
2722 3016 13623003 16731634 30354637 compute_surroundings_for.cond.516
2718 3018 11386440 0 11386440 compute_surroundings_for.cond.568
2706 3020 9771540 0 9771540 compute_surroundings_for.cond.1041
702 3024 3442706 0 3442706 are_neighbor_dragons_for.cond
698 3026 3980420 0 3980420 are_neighbor_dragons_for.cond.19
2714 3028 11627565 0 11627565 compute_surroundings_for.cond.613
594 3030 92708 3178032358 3178125066 make_dragons_for.cond.981
762 3036 5324559 13555392 18879951 dragon_invincible_for.cond
758 3038 6524519 1755012 8279531 dragon_invincible_for.cond.28
754 3040 5594015 2535 5596550 dragon_invincible_for.cond.83
1430 3044 16340440 0 16340440 owl_substantial_for.cond
1426 3046 5089473 10715202 15804675 owl_substantial_for.cond.29
1422 3048 29356 1070695 1100051 owl_substantial_for.cond.77
1418 3050 5972 197335 203307 owl_substantial_while.cond.139
2074 3054 230595 45345335 45575930 new_semeai_for.cond
590 3056 1057536 0 1057536 make_dragons_for.cond.1087
586 3058 946830 546392 1493222 make_dragons_for.cond.1110
582 3060 826380 1431 827811 make_dragons_for.cond.1179
578 3062 35495 0 35495 make_dragons_for.cond.1245
782 3068 1817299 95386931 97204230 get_alive_stones
786 3070 65201490 0 65201490 set_dragon_strengths
790 3072 49598623 0 49598623 mark_inessential_stones
2050 3080 3088020 623123 3711143 dilate_erode_for.cond
2046 3084 40588280 241860 40830140 dilate_erode_for.cond.38
2042 3086 91769341 1015812 92785153 dilate_erode_for.cond.307
2058 3090 11717897 0 11717897 close_bubbles_while.cond
2054 3092 1455555 0 1455555 close_bubbles_for.cond.248
2038 3094 3239894 349803 3589697 estimate_score_for.cond
2430 3096 2407435 426924 2834359 worm_reasons
1210 3102 537557 0 537557 add_move_reason_for.cond
1402 3104 884935 16476168 17361103 owl_reasons
854 3110 201630 0 201630 set_symmetries_for.cond
866 3116 76055 0 76055 openregion_for.cond
2166 3122 35989819 205109905 241099724 shapes_callback_for.cond
2154 3148 1418889 168229852217 168231271106 shapes_callback_for.cond.402
1218 3186 160612 0 160612 find_connection_for.cond
2142 3214 14802 84441 99243 shapes_callback_for.cond.526
1174 3268 113920 0 113920 add_replacement_move_for.cond
2146 3290 5514 32069 37583 shapes_callback_for.cond.506
502 3296 804486 41686613 42491099 find_double_threats
1162 3300 1437776 0 1437776 get_attack_threats_for.cond
514 3306 3317719 0 3317719 compute_aa_status_for.cond
510 3308 2714970 12769594981 12772309951 compute_aa_status_for.cond.69
518 3310 8804704 11947783 20752487 compute_aa_values
550 3330 221619 372034 593653 aa_sort_moves_for.cond
522 3332 179794 12368356015 12368535809 do_atari_atari_for.cond.28
522 3333 316602 11570743308 11571059910 do_atari_atari_for.cond.28'2
2290 3340 1329364 0 1329364 find_more_attack_and_defense_moves_for.cond
2286 3342 2698381 449032300 451730681 find_more_attack_and_defense_moves_for.cond.28
2298 3346 2553123 18926659716 18929212839 find_more_owl_attack_and_defense_moves_for.cond
2294 3348 3680408 345071021 348751429 find_more_owl_attack_and_defense_moves_for.cond.264
2302 3350 3627769 13092959279 13096587048 examine_move_safety
2306 3352 2571862 11643055039 11645626901 induce_secondary_move_reasons
2310 3356 1743948 133596282345 133598026293 value_moves_for.cond
1206 3362 1148532 0 1148532 is_antisuji_move_for.cond
2346 3366 298096 0 298096 value_move_reasons_while.cond
1202 3368 18540603 1832836 20373439 discard_redundant_move_reasons
2350 3372 1268856 1705507326 1706776182 estimate_territorial_value_for.cond
958 3378 32828166 0 32828166 compute_followup_influence_for.cond
1006 3382 4209888 1413360 5623248 followup_influence_callback_for.cond
954 3384 40209333 0 40209333 compute_followup_influence_for.cond.14
950 3386 34519470 1143701524 1178220994 compute_followup_influence_for.cond.49
946 3388 37752367 0 37752367 compute_followup_influence_for.cond.118
986 3392 164391500 0 164391500 influence_delta_territory_for.cond
982 3396 421877 0 421877 store_delta_territory_cache_for.cond
2362 3400 24635142 0 24635142 estimate_strategical_value_for.cond
2358 3402 1223224 7568384 8791608 estimate_strategical_value_for.cond.1
2354 3404 49342705 1576226 50918931 estimate_strategical_value_for.cond.698
2382 3408 429384 1034066 1463450 strategic_penalty_for.cond
2370 3412 1034440 130140 1164580 move_connects_strings_for.cond
2366 3414 529103 1646640 2175743 move_connects_strings_for.cond.30
1158 3438 2979189 0 2979189 move_reason_known_for.cond
2386 3474 123427 0 123427 adjacent_to_nondead_stone_for.cond
2378 3476 65601 0 65601 strategic_penalty_for.cond.23
230 3486 33124 0 33124 get_last_opponent_move_for.cond
2318 3516 1124424 0 1124424 redistribute_points_for.cond
2314 3518 943278 0 943278 redistribute_points_for.cond.7
2330 3522 17388 0 17388 print_top_moves_for.cond
2326 3524 1104686 733313 1837999 print_top_moves_for.cond.3
2278 3526 734712 0 734712 record_top_move
2334 3530 2702854 3416678907 3419381761 find_best_move_while.cond
1190 3538 18020 4558 22578 get_saved_dragons_for.cond
1178 3542 20034 2248 22282 get_saved_worms_for.cond
1194 3544 1689485 0 1689485 mark_safe_stones
2254 3548 22511 16147152 16169663 detect_owl_blunder
214 3554 1241850 0 1241850 test_gray_border_for.cond
2794 3560 1236 0 1236 sort_moves
2790 3562 9064 109858 118922 gtp_print_vertices_for.cond
1222 3574 5644 0 5644 find_eye_for.cond
2502 3692 14651965 2855705 17507670 propagate_worm2_for.cond
2526 3696 106095 397025572 397131667 attack_callback_for.cond
1238 3702 104818 0 104818 movelist_move_known_for.cond
1150 3724 8450 0 8450 add_lunch_for.cond
1610 3742 23097 9720 32817 modify_stupid_eye_vital_point_for.cond.59
318 3796 33333 0 33333 extended_chainlinks_for.cond
314 3798 241765 0 241765 extended_chainlinks_for.cond.27
2066 3804 157974 0 157974 captured_territory_for.cond
2034 3806 2273775 273320 2547095 estimate_score_for.cond.105
554 3838 1637428 3191432939 3193070367 atari_atari_attack_callback_for.cond
562 3842 974241 0 974241 aa_move_known_for.cond
1622 3854 13574 3437755 3451329 improve_lunch_attack_for.cond
1182 3900 18468 3396606 3415074 mark_changed_dragon_for.cond
1186 3904 2439291 1182090 3621381 mark_changed_string_for.cond
462 3920 35424 0 35424 hashtable_partially_clear_for.cond
458 3922 471689972 832333127 1304023099 hashtable_partially_clear_for.cond.9
466 3924 832333127 0 832333127 hashtable_unlink_closed_results
574 3928 140739 0 140739 aa_add_move_for.cond
558 3932 59363 0 59363 aa_move_known_for.cond.19
566 3934 69748 0 69748 get_aa_status_for.cond
538 3940 1973730 4361561 6335291 get_aa_value
542 3944 1285001 4540298396 4541583397 atari_atari_find_defense_moves_for.cond
546 3946 37310028 9015673 46325701 update_aa_goal_for.cond
530 3950 20621390 3050811634 3071433024 atari_atari_succeeded_for.cond
2962 3964 3757 0 3757 cut_connect_callback_for.cond.132
3150 4072 2581 83119 85700 threaten_to_capture_helper_for.cond
2150 4132 1220 7418 8638 shapes_callback_for.cond.449
2506 4194 7456 368826 376282 cavity_recurse_for.cond
2506 4195 231658 9905937 10137595 cavity_recurse_for.cond'2
1154 4218 4663 0 4663 remove_lunch_for.cond
798 4220 180075 608780 788855 connected_to_eye
806 4224 154947 13460 168407 connected_to_eye_recurse_for.cond
802 4226 66396 78551 144947 connected_to_eye_recurse_for.cond.37
802 4227 20341 48286 68627 connected_to_eye_recurse_for.cond.37'2
3154 4256 7869 2881381 2889250 defend_against_atari_helper_for.cond
382 4346 428804 0 428804 slow_approxlib_for.cond
1230 4368 566 0 566 find_all_data_for.cond
570 4370 11570 0 11570 aa_add_move_for.cond.33
490 4376 38256 3214252596 3214290852 atari_atari_for.cond
486 4378 37647 5477 43124 combinations_for.cond
498 4386 251 77548688 77548939 atari_atari_blunder_size_while.cond
2282 4388 2387 0 2387 remove_top_move
3146 4414 38838 35328 74166 connect_and_cut_helper_for.cond
2162 4482 17209 5549053130 5549070339 shapes_callback_for.cond.319
2906 4552 51 30 81 gtp_playwhite_for.cond
254 4614 4803 0 4803 count_common_libs_for.cond.125
1226 4686 987 0 987 find_either_data_for.cond
1410 4718 552391 0 552391 owl_lively_for.cond
1486 4722 1062 0 1062 do_owl_analyze_semeai_for.cond
1482 4724 1054 0 1054 do_owl_analyze_semeai_for.cond.154
1478 4726 192 8611304 8611496 do_owl_analyze_semeai_for.cond.450
1474 4728 192 438972 439164 do_owl_analyze_semeai_for.cond.463
1470 4730 519 71045 71564 do_owl_analyze_semeai_for.cond.475
1642 4734 156558 53968 210526 semeai_move_value_for.cond
1638 4736 160302 53596 213898 semeai_move_value_for.cond.41
1466 4738 1093 204966 206059 do_owl_analyze_semeai_for.cond.539
1462 4740 649 108231 108880 do_owl_analyze_semeai_for.cond.614
1458 4742 676 108256 108932 do_owl_analyze_semeai_for.cond.684
1450 4744 37065 40199 77264 do_owl_analyze_semeai_for.cond.840
3166 4820 753 730 1483 connect_and_cut_helper2_for.cond
1414 4876 180 0 180 owl_substantial_while.cond
2258 4884 148841 45984158 46132999 detect_tactical_blunder_for.cond
1098 4902 19124 0 19124 fullboard_matchpat_for.cond
898 5014 124 0 124 hashdata_recalc_for.cond.53
1170 5028 304 0 304 get_biggest_owl_target_for.cond
2342 5030 84 48 132 reevaluate_ko_threats_for.cond
2338 5032 28897 31317425 31346322 reevaluate_ko_threats_for.cond.20
2226 5040 1724 5280 7004 double_atari_for.cond
1214 5054 1160 0 1160 remove_move_reason_for.cond
2374 5056 533 33156 33689 adjusted_worm_attack_value
886 5078 11407 0 11407 revise_semeai_for.cond
814 5082 84811 0 84811 fill_liberty_for.cond
810 5084 469 17753042 17753511 fill_liberty_for.cond.90
850 5090 175 0 175 living_neighbor_for.cond
830 5094 29 0 29 filllib_confirm_safety_for.cond
2138 5216 100 728 828 shapes_callback_for.cond.692
2134 5218 64 328 392 shapes_callback_for.cond.708
