#6
#10
#14
#18
34
38
42
46
50
54
78
98
114
122
130
134
150
166
198
214
230
238
#242
258
262
266
270
294
322
326
334
394
414
422
430
#474
478
#482
494
558
562
566
570
574
698
702
762
794
818
822
826
830
834
838
842
850
862
870
878
890
1074
1078
1134
1142
1150
1154
1158
1162
1166
1170
1206
1210
1214
1218
1222
1226
1230
1234
1238
1242
1346
1350
1390
1406
1410
1422
1438
1446
1458
1462
1466
1470
1474
1478
1490
1498
1526
1590
1594
1598
1610
1614
1618
1622
1662
1666
1670
1718
1722
1730
1754
1774
1782
1786
1790
1802
1810
1822
1834
1842
1850
1870
1874
1878
1934
1938
1942
1946
1966
1970
1978
1990
2006
2022
2026
2066
2186
2226
2270
2322
2342
2382
2386
2610
2646
2674
2686
2746
2770
2838
2846
2866
2882
2902
2930
#2946
2958
2962
2966
2970
3042
3050
3106
3114
3138
3142
3146
3150
3154
3158
3162
3166
3174
3178
3182
3186
#3190
