2 712 313 3254028862966 3254028863279 main
22 816 13 5 18 setup_layout_while.cond
194 844 330 4704 5034 make_lattice_for.cond
190 846 15246312 28000000 43246312 make_lattice_for.cond.14
810 866 76 282886015 282886091 make_nn_gathers
822 886 129280336 64000000 193280336 make_gather_for.cond
818 890 57600224 128000000 185600224 make_gather_for.cond.181
814 892 57600224 131200000 188800224 make_gather_for.cond.207
830 896 244 0 244 sort_eight_special_for.cond
826 898 220 0 220 sort_eight_special_for.cond.3
10 900 67 284804135 284804202 make_3n_gathers
458 906 11648014 0 11648014 phaseset
70 960 254720015 57600000 312320015 coldlat_for.cond
34 966 282241952 9342722832 9624964784 d_plaquette_for.cond
842 970 17705015328 0 17705015328 start_gather_for.cond.28
482 972 89875200000 0 89875200000 mult_su3_an
490 976 513459328000 0 513459328000 mult_su3_nn
498 978 1958400000 0 1958400000 realtrace_su3
26 992 61440068 605440995 666881063 check_unitarity_for.cond
30 994 567040004 38400991 605440995 check_su3
462 1008 6256000253 0 6256000253 rephase_for.cond
258 1012 238 0 238 make_loop_table_for.cond
254 1024 1134032 1643520 2777552 make_loop_table_for.cond.26
282 1028 193536 0 193536 char_num_for.cond
278 1030 216576 0 216576 char_num_for.cond.3
274 1032 305664 0 305664 char_num_for.cond.12
270 1034 261120 0 261120 char_num_for.cond.27
266 1036 194304 0 194304 char_num_for.cond.44
262 1038 301312 0 301312 char_num_for.cond.58
250 1040 206 17784 17990 make_loop_table_for.cond.214
322 1044 1100 76846954 76848054 make_path_table_for.cond
326 1048 26147620 50665184 76812804 add_basic_path_for.cond
330 1052 29230944 0 29230944 is_path_equal_for.cond
234 1056 30720032 1985735588 2016455620 ranmom
14 1066 314 2983073685025 2983073685339 update_for.cond
18 1068 652800468 82944000000 83596800468 update_u
502 1072 611143680000 0 611143680000 scalar_mult_add_su3_matrix
526 1074 115324160000 0 115324160000 su3mat_copy
302 1078 102720078 1069259110 1171979188 grsource_imp_for.cond
358 1082 418571570 26633655480 27052227050 load_longlinks_for.cond
474 1084 1862400000 0 1862400000 clear_su3mat
218 1090 1624326016 27854080000 29478406016 path_product_for.cond
518 1092 87710720000 0 87710720000 su3_adjoint
214 1094 20898195552 632903237932 653801433484 path_product_for.cond.18
486 1096 495820800000 0 495820800000 mult_su3_na
854 1100 44928162000 0 44928162000 start_gather_from_temp_for.cond.25
362 1104 179247350 633763827120 633943074470 load_fatlinks_for.cond
378 1110 2188805760 126028800000 128217605760 compute_gen_staple_for.cond
374 1112 4608012240 215078400000 219686412240 compute_gen_staple_for.cond.44
366 1114 2592005760 68025600000 70617605760 compute_gen_staple_for.cond.65
466 1116 32947200000 0 32947200000 add_su3_matrix
382 1118 2649606480 161107200000 163756806480 compute_gen_staple_for.cond.15
370 1120 1555205400 35078400000 36633605400 compute_gen_staple_for.cond.86
618 1124 2142 286724960 286727102 dslash_fn_for.cond
834 1126 219521372 0 219521372 start_gather_for.cond
614 1128 57600210 1408000000 1465600210 dslash_fn_for.cond.23
538 1130 1408000000 0 1408000000 mult_adj_su3_mat_vec_4dir
610 1132 2128 143362480 143364608 dslash_fn_for.cond.37
606 1134 2240 143362480 143364720 dslash_fn_for.cond.55
602 1136 1218 560 1778 dslash_fn_for.cond.80
598 1138 994 280 1274 dslash_fn_for.cond.92
594 1140 994 280 1274 dslash_fn_for.cond.102
590 1142 174080238 3640320000 3814400238 dslash_fn_for.cond.127
550 1146 4371840000 0 4371840000 mult_su3_mat_vec_sum_4dir_for.cond
546 1148 79024320000 0 79024320000 mult_su3_mat_vec_sum_4dir_for.cond.5
470 1152 4300800000 0 4300800000 add_su3_vector
586 1154 1274 560 1834 dslash_fn_for.cond.183
582 1156 1274 560 1834 dslash_fn_for.cond.195
798 1160 12000096 49920000 61920096 scalar_mult_latvec_for.cond
514 1162 99840000 0 99840000 scalar_mult_su3_vector
786 1164 25600232 112800000 138400232 scalar_mult_add_latvec
506 1166 65130720000 0 65130720000 scalar_mult_add_su3_vector
758 1170 24960088 16681158 41641246 ks_congrad_for.cond
754 1176 2075067221 142653176440 144728243661 ks_congrad_start.outer
750 1180 133 7564908 7565041 dslash_fn_on_temp_special_for.cond
746 1182 75524 399398656 399474180 dslash_fn_on_temp_special_for.cond.15
850 1184 399362688 0 399362688 start_gather_from_temp_for.cond.8
742 1186 2610885970 34259840000 36870725970 dslash_fn_on_temp_special_for.cond.60
542 1188 34259840000 0 34259840000 mult_adj_su3_mat_4vec
738 1190 62390 199699328 199761718 dslash_fn_on_temp_special_for.cond.92
734 1192 67166 199699328 199766494 dslash_fn_on_temp_special_for.cond.122
730 1194 34626 15920 50546 dslash_fn_on_temp_special_for.cond.157
726 1196 2451685970 81637760000 84089445970 dslash_fn_on_temp_special_for.cond.184
722 1198 28258 7960 36218 dslash_fn_on_temp_special_for.cond.218
718 1200 28258 7960 36218 dslash_fn_on_temp_special_for.cond.228
714 1202 2483525970 8915200000 11398725970 dslash_fn_on_temp_special_for.cond.253
846 1204 399362880 0 399362880 start_gather_from_temp_for.cond
574 1208 1680 960 2640 cleanup_gathers_for.cond
570 1210 1680 960 2640 cleanup_gathers_for.cond.8
290 1220 4680042044 805945594758 810625636802 imp_gauge_force
210 1222 1658886912 29514240000 31173126912 path_product_for.cond.290
206 1224 1658886912 29514240000 31173126912 path_product_for.cond.303
510 1226 1559040000 0 1559040000 scalar_mult_sub_su3_matrix
838 1230 215041248 0 215041248 start_gather_for.cond.10
402 1234 388 0 388 eo_fermion_force_for.cond
398 1236 696 30252488 30253184 eo_fermion_force_for.cond.9
394 1238 17920060 11120000 29040060 eo_fermion_force_for.cond.21
390 1240 11581864924 1443027849696 1454609714620 eo_fermion_force_for.cond.30
414 1244 22131263232 173888000000 196019263232 u_shift_fermion_for.cond.7
478 1246 173888000000 0 173888000000 mult_adj_su3_mat_vec
410 1248 17072695328 10588160000 27660855328 u_shift_fermion_for.cond.23
406 1250 20157500960 171013120000 191170620960 u_shift_fermion_for.cond
494 1252 171013120000 0 171013120000 mult_su3_mat_vec
418 1254 43253925248 891944960000 935198885248 add_force_to_mom
522 1256 433848320000 0 433848320000 su3_projector
386 1260 524 4346 4870 eo_fermion_force_for.cond.252
246 1264 97280084 1095680045 1192960129 reunitarize_for.cond
230 1274 4320026 177920000 182240026 ploop_for.cond
226 1276 28944690 357841116 386785806 ploop_for.cond.11
858 1280 118080360 72000000 190080360 start_general_gather_for.cond
222 1286 3184032 384000 3568032 ploop_for.cond.44
294 1292 533140936 70093720035 70626860971 g_measure_for.cond
202 1294 199680832 3552640000 3752320832 path_product_for.cond.270
198 1298 58880240 1093120000 1152000240 path_product_for.cond.257
6 1302 14400262 52267284564 52281684826 f_meas_imp_for.cond
806 1304 8000032 33280000 41280032 scalar_mult_latvec_for.cond.16
310 1308 6880030 37120000 44000030 mat_invert_uml_for.cond
534 1310 20480000 0 20480000 sub_su3_vector
